0.000010 0.044675 0.000010 0.318482 0.000010 0.000010 0.090671 0.000010 0.000010 0.546111
0.000010 0.000010 0.142500 0.383693 0.000010 0.049058 0.000010 0.000010 0.000010 0.424689
0.000010 0.000010 0.098432 0.352944 0.000010 0.118382 0.000010 0.000010 0.000010 0.430182
0.085535 0.000010 0.000010 0.877476 0.000010 0.036919 0.000010 0.000010 0.000010 0.000010
0.000010 0.000010 0.000010 0.000010 0.000010 0.000010 0.999910 0.000010 0.000010 0.000010
0.000010 0.000010 0.000010 0.695996 0.000010 0.000010 0.075378 0.164922 0.000010 0.063644
0.000010 0.000010 0.000010 0.596732 0.030016 0.000010 0.000010 0.000010 0.000010 0.373182
0.000010 0.000010 0.000010 0.808808 0.000010 0.000010 0.000010 0.000010 0.000010 0.191112
0.000010 0.085543 0.000010 0.386297 0.000010 0.528091 0.000010 0.000010 0.000010 0.000010
0.021975 0.652839 0.064118 0.083058 0.000010 0.000010 0.000010 0.000010 0.000010 0.177960
0.000010 0.000010 0.000010 0.000010 0.000010 0.507868 0.000010 0.000010 0.000010 0.492052
0.000010 0.000010 0.000010 0.999910 0.000010 0.000010 0.000010 0.000010 0.000010 0.000010
0.000010 0.000010 0.000010 0.939336 0.000010 0.000010 0.000010 0.000010 0.060584 0.000010
0.000010 0.000010 0.000010 0.999910 0.000010 0.000010 0.000010 0.000010 0.000010 0.000010
0.000010 0.187113 0.003915 0.172990 0.000010 0.230017 0.000010 0.090138 0.090391 0.225405
0.000010 0.000010 0.000010 0.494569 0.000010 0.000010 0.041460 0.463901 0.000010 0.000010
0.000010 0.000010 0.091252 0.000010 0.000010 0.034321 0.000010 0.000010 0.000010 0.874357
0.000010 0.164761 0.000010 0.428812 0.000010 0.062646 0.343721 0.000010 0.000010 0.000010
0.000010 0.089719 0.000010 0.316812 0.000010 0.155221 0.000010 0.276879 0.000010 0.161319
0.645640 0.000010 0.000010 0.354280 0.000010 0.000010 0.000010 0.000010 0.000010 0.000010
0.000010 0.308579 0.000010 0.593059 0.060959 0.000011 0.000010 0.001882 0.035470 0.000010
0.000010 0.000010 0.000010 0.999910 0.000010 0.000010 0.000010 0.000010 0.000010 0.000010
0.000010 0.000010 0.000010 0.205028 0.070490 0.000010 0.000010 0.200548 0.000010 0.523874
0.000010 0.000010 0.019387 0.000010 0.000010 0.189936 0.000010 0.097556 0.439228 0.253844
0.000010 0.000010 0.066493 0.745826 0.000010 0.151348 0.000010 0.036272 0.000010 0.000010
0.000010 0.000010 0.000010 0.975513 0.000010 0.000010 0.000010 0.024407 0.000010 0.000010
0.000010 0.000010 0.000010 0.901143 0.000010 0.098777 0.000010 0.000010 0.000010 0.000010
0.000010 0.000010 0.000010 0.378686 0.000010 0.000010 0.000010 0.621234 0.000010 0.000010
0.000010 0.000010 0.000010 0.647160 0.000010 0.352760 0.000010 0.000010 0.000010 0.000010
0.000010 0.000010 0.000010 0.961251 0.000010 0.000010 0.000010 0.000010 0.000010 0.038669
0.000010 0.000010 0.000010 0.903298 0.000010 0.000010 0.000010 0.000010 0.007634 0.088999
0.130622 0.000010 0.000010 0.869298 0.000010 0.000010 0.000010 0.000010 0.000010 0.000010
0.000010 0.000010 0.000010 0.130285 0.000010 0.084249 0.000010 0.432203 0.000010 0.353203
0.000010 0.000010 0.097842 0.028246 0.000010 0.774972 0.000010 0.098879 0.000010 0.000010
0.000010 0.000010 0.000010 0.916033 0.000010 0.000010 0.000010 0.000010 0.000010 0.083887
0.000010 0.000010 0.000010 0.999910 0.000010 0.000010 0.000010 0.000010 0.000010 0.000010
0.000010 0.284145 0.000010 0.146404 0.064605 0.295093 0.066125 0.124721 0.000010 0.018877
0.000010 0.000010 0.000010 0.908251 0.000010 0.000010 0.000010 0.000010 0.000010 0.091669
0.000010 0.000010 0.000010 0.999910 0.000010 0.000010 0.000010 0.000010 0.000010 0.000010
0.000010 0.000010 0.000010 0.970206 0.000010 0.000010 0.029714 0.000010 0.000010 0.000010
0.633407 0.102125 0.000010 0.000010 0.000010 0.000010 0.055313 0.209095 0.000010 0.000010
0.000010 0.000010 0.000010 0.942890 0.057030 0.000010 0.000010 0.000010 0.000010 0.000010
0.000010 0.000010 0.000010 0.711113 0.000010 0.288807 0.000010 0.000010 0.000010 0.000010
0.000010 0.000010 0.000010 0.999910 0.000010 0.000010 0.000010 0.000010 0.000010 0.000010
0.000010 0.000010 0.000010 0.296920 0.061028 0.317513 0.000010 0.000010 0.000010 0.324479
0.000010 0.000010 0.000010 0.999910 0.000010 0.000010 0.000010 0.000010 0.000010 0.000010
0.000010 0.000010 0.000010 0.280846 0.000010 0.000010 0.000010 0.719074 0.000010 0.000010
0.000010 0.000010 0.000010 0.876253 0.000010 0.000010 0.000010 0.034343 0.000010 0.089334
0.000010 0.000010 0.000010 0.072114 0.000010 0.075645 0.000010 0.000010 0.000010 0.852171
0.000010 0.000010 0.000010 0.859994 0.000010 0.000010 0.000010 0.000010 0.000010 0.139926
0.000010 0.000010 0.336377 0.034036 0.062872 0.251092 0.159469 0.156114 0.000010 0.000010
0.000010 0.730026 0.000010 0.269894 0.000010 0.000010 0.000010 0.000010 0.000010 0.000010
0.511841 0.000010 0.000010 0.488079 0.000010 0.000010 0.000010 0.000010 0.000010 0.000010
0.000010 0.000010 0.000010 0.999910 0.000010 0.000010 0.000010 0.000010 0.000010 0.000010
0.000010 0.000010 0.000010 0.999910 0.000010 0.000010 0.000010 0.000010 0.000010 0.000010
0.000010 0.194916 0.000010 0.654503 0.000010 0.000010 0.000010 0.000010 0.000010 0.150511
0.000010 0.000010 0.000010 0.064121 0.000010 0.224351 0.000010 0.610140 0.057002 0.044335
0.000010 0.000010 0.000010 0.000010 0.032099 0.000010 0.166055 0.656762 0.000010 0.145023
0.000010 0.000010 0.000010 0.879022 0.000010 0.000010 0.000010 0.000010 0.000010 0.120898
0.000010 0.191633 0.000010 0.317762 0.013216 0.000010 0.000010 0.477329 0.000010 0.000010
0.000010 0.000010 0.000010 0.000010 0.000010 0.199669 0.000010 0.384281 0.318627 0.097362
0.000010 0.343602 0.000010 0.397119 0.033266 0.000010 0.000010 0.000010 0.000010 0.225953
0.000010 0.000010 0.000010 0.815701 0.000010 0.000010 0.000010 0.000010 0.000010 0.184219
0.508028 0.000010 0.000010 0.491892 0.000010 0.000010 0.000010 0.000010 0.000010 0.000010
0.377028 0.226092 0.000010 0.150086 0.000010 0.000010 0.000010 0.000010 0.246733 0.000010
0.000010 0.000010 0.000010 0.000010 0.026870 0.859159 0.000010 0.113901 0.000010 0.000010
0.000010 0.000010 0.000010 0.000010 0.000010 0.000010 0.000010 0.000010 0.000010 0.999910
0.000010 0.037529 0.044842 0.000010 0.000010 0.000010 0.000010 0.479533 0.000010 0.438037
0.177898 0.000010 0.000010 0.031437 0.000010 0.000010 0.000010 0.000010 0.790596 0.000010
0.958572 0.000010 0.000010 0.000010 0.000010 0.000010 0.000010 0.000010 0.041348 0.000010
0.000010 0.165156 0.000010 0.000010 0.318419 0.316983 0.000010 0.000010 0.000010 0.199382
0.000010 0.000010 0.211509 0.435029 0.025639 0.000010 0.000010 0.194433 0.000010 0.133340
0.000010 0.026679 0.000010 0.222191 0.000010 0.000010 0.264986 0.105201 0.000010 0.380894
0.000010 0.070378 0.000010 0.912348 0.017205 0.000010 0.000010 0.000010 0.000010 0.000010
0.067792 0.000010 0.000010 0.459111 0.000010 0.000010 0.000010 0.000010 0.000010 0.473027
0.668081 0.000010 0.000010 0.000010 0.000010 0.216720 0.115129 0.000010 0.000010 0.000010
0.000010 0.000010 0.041707 0.958213 0.000010 0.000010 0.000010 0.000010 0.000010 0.000010
0.000010 0.261872 0.000010 0.200664 0.000010 0.000010 0.000010 0.000010 0.537393 0.000010
0.009686 0.000010 0.000010 0.000010 0.000010 0.552138 0.000010 0.221521 0.000010 0.216596
0.080458 0.311357 0.000010 0.052803 0.000014 0.188557 0.000010 0.000010 0.000010 0.366772
0.650386 0.000010 0.000010 0.000010 0.000010 0.000010 0.349534 0.000010 0.000010 0.000010
0.000010 0.000010 0.064343 0.550392 0.058479 0.252526 0.000010 0.027240 0.046980 0.000010
0.000010 0.000010 0.409030 0.000010 0.000010 0.357207 0.000010 0.000010 0.233693 0.000010
0.208012 0.000010 0.000010 0.000010 0.000010 0.000010 0.429018 0.000010 0.232879 0.130031
0.000010 0.000010 0.511057 0.000010 0.000010 0.000010 0.000010 0.000010 0.000010 0.488863
0.098487 0.000010 0.000010 0.460965 0.000010 0.400947 0.000010 0.000010 0.000010 0.039541
0.065555 0.000010 0.000010 0.000010 0.000010 0.147048 0.000010 0.155128 0.632210 0.000010
0.070575 0.000010 0.002040 0.060930 0.000010 0.487020 0.020270 0.109271 0.177082 0.072792
0.167427 0.000010 0.000010 0.000010 0.000010 0.000010 0.000010 0.832493 0.000010 0.000010
0.000010 0.000010 0.034008 0.768793 0.000010 0.197129 0.000010 0.000010 0.000010 0.000010
0.615229 0.000010 0.000010 0.000010 0.000010 0.000010 0.307461 0.000010 0.077239 0.000010
0.187072 0.066082 0.000010 0.000010 0.000010 0.000010 0.008177 0.514096 0.224523 0.000010
0.000010 0.000010 0.000010 0.409346 0.071512 0.000010 0.000010 0.519072 0.000010 0.000010
0.000010 0.158711 0.000010 0.122689 0.000010 0.000010 0.000010 0.004066 0.000010 0.714474
0.000010 0.000010 0.000010 0.161173 0.000010 0.503771 0.324793 0.010203 0.000010 0.000010
0.000010 0.000010 0.000010 0.024109 0.000010 0.000010 0.000010 0.237907 0.545433 0.192491
0.000010 0.040034 0.000010 0.242832 0.000010 0.000010 0.400122 0.165500 0.000010 0.151461
0.000010 0.766885 0.000010 0.000010 0.000010 0.000010 0.000010 0.000010 0.000010 0.233035
0.147731 0.000010 0.000010 0.195043 0.000010 0.657156 0.000010 0.000010 0.000010 0.000010
0.000010 0.000010 0.000010 0.880468 0.000010 0.000010 0.000010 0.000010 0.119452 0.000010
0.000010 0.064017 0.000010 0.000010 0.000010 0.061991 0.208680 0.000010 0.608049 0.057212
0.601000 0.165417 0.000010 0.000010 0.000010 0.193726 0.000010 0.000010 0.039796 0.000010
0.000010 0.000010 0.000010 0.881410 0.000010 0.000010 0.000010 0.000010 0.000010 0.118510
0.538448 0.000010 0.000010 0.000010 0.000010 0.000010 0.461472 0.000010 0.000010 0.000010
0.000010 0.000010 0.000010 0.111165 0.000010 0.000010 0.233743 0.655022 0.000010 0.000010
0.000010 0.000010 0.000010 0.256171 0.000010 0.000010 0.391077 0.201546 0.000010 0.151146
0.000010 0.000010 0.072911 0.394952 0.019562 0.395438 0.000010 0.000010 0.117088 0.000010
0.000010 0.223764 0.000010 0.307155 0.000010 0.000010 0.000010 0.199375 0.000010 0.269646
0.000010 0.195356 0.000010 0.471334 0.000010 0.000010 0.116572 0.112654 0.104033 0.000010
0.000010 0.000010 0.000010 0.999910 0.000010 0.000010 0.000010 0.000010 0.000010 0.000010
0.000010 0.000010 0.088821 0.000010 0.000010 0.106603 0.000010 0.000010 0.000010 0.804506
0.000010 0.000010 0.000010 0.297648 0.000010 0.500520 0.000010 0.000010 0.090639 0.111133
0.000010 0.000010 0.000010 0.346876 0.000010 0.518841 0.000010 0.134213 0.000010 0.000010
0.000010 0.000010 0.000010 0.070653 0.000010 0.141724 0.000010 0.000010 0.066484 0.721079
0.419950 0.000010 0.000010 0.000010 0.000010 0.270722 0.000010 0.000010 0.281973 0.027294
0.000010 0.144545 0.000010 0.000010 0.000010 0.000010 0.000010 0.000010 0.000010 0.855375
0.000010 0.000010 0.000010 0.000010 0.000010 0.000010 0.000010 0.000010 0.000010 0.999910
0.000010 0.000010 0.000010 0.000010 0.000010 0.000010 0.000011 0.005584 0.000010 0.994335
0.000010 0.516025 0.000010 0.000010 0.000010 0.000010 0.325575 0.000010 0.000010 0.158330
0.000010 0.000010 0.031663 0.662045 0.000010 0.000010 0.000010 0.306221 0.000010 0.000010
0.000010 0.000010 0.185925 0.186152 0.000010 0.113756 0.067141 0.201938 0.000010 0.245047
0.000010 0.000010 0.000010 0.541596 0.000010 0.000010 0.193363 0.264971 0.000010 0.000010
0.021145 0.261118 0.000010 0.000256 0.000010 0.382357 0.000010 0.000010 0.100656 0.234428
0.116838 0.396203 0.000010 0.144892 0.000010 0.000010 0.000010 0.000010 0.318184 0.023833
0.000010 0.361627 0.000010 0.276801 0.000010 0.000010 0.095603 0.042876 0.000010 0.223043
0.795600 0.000010 0.000010 0.000010 0.000010 0.000010 0.000010 0.000010 0.000010 0.204320
0.000010 0.000010 0.034945 0.000010 0.042660 0.000010 0.000010 0.268056 0.000010 0.654280
0.000010 0.000010 0.000010 0.434842 0.000010 0.161405 0.292362 0.111332 0.000010 0.000010
0.000010 0.016602 0.000010 0.184603 0.000010 0.798725 0.000010 0.000010 0.000010 0.000010
0.000010 0.000010 0.000010 0.242623 0.000010 0.757297 0.000010 0.000010 0.000010 0.000010
0.000010 0.000010 0.000010 0.158032 0.000010 0.841888 0.000010 0.000010 0.000010 0.000010
0.000010 0.000010 0.000010 0.431950 0.000010 0.222426 0.345554 0.000010 0.000010 0.000010
0.000010 0.000010 0.000010 0.000010 0.000010 0.000010 0.298727 0.701193 0.000010 0.000010
0.000010 0.058651 0.000010 0.300839 0.000010 0.240264 0.400186 0.000010 0.000010 0.000010
0.000010 0.147358 0.000010 0.000010 0.007576 0.000010 0.000010 0.343429 0.127860 0.373727
0.172778 0.225991 0.000010 0.312859 0.000010 0.288311 0.000010 0.000010 0.000010 0.000010
0.000010 0.000010 0.000010 0.000010 0.000010 0.000010 0.000010 0.000010 0.000010 0.999910
0.005143 0.150933 0.000010 0.000010 0.061705 0.088352 0.000010 0.000010 0.000010 0.693817
0.000010 0.000010 0.000010 0.107288 0.000010 0.000010 0.027819 0.756446 0.108388 0.000010
0.000010 0.000010 0.000010 0.220483 0.048503 0.000010 0.394454 0.170774 0.000010 0.165735
0.000010 0.000010 0.000010 0.999910 0.000010 0.000010 0.000010 0.000010 0.000010 0.000010
0.000010 0.000010 0.000010 0.600110 0.000010 0.000010 0.000010 0.000010 0.399810 0.000010
0.068562 0.000010 0.000010 0.148550 0.000010 0.000010 0.000010 0.000010 0.782818 0.000010
0.000010 0.000010 0.048639 0.000010 0.000010 0.074660 0.199959 0.135946 0.000010 0.540747
0.187307 0.000010 0.015029 0.036493 0.000010 0.293396 0.467725 0.000010 0.000010 0.000010
0.362696 0.000010 0.000010 0.000010 0.000010 0.000010 0.422968 0.000010 0.000010 0.214266
0.000010 0.039161 0.117664 0.000010 0.000010 0.000010 0.000010 0.409285 0.000010 0.433830
0.000010 0.738155 0.000010 0.156028 0.000010 0.000010 0.046845 0.000010 0.000010 0.058912
0.000010 0.000010 0.000010 0.615024 0.000010 0.000010 0.000010 0.384896 0.000010 0.000010
0.000010 0.000010 0.000010 0.999910 0.000010 0.000010 0.000010 0.000010 0.000010 0.000010
0.000010 0.000010 0.000010 0.791954 0.000010 0.000010 0.000010 0.000010 0.000010 0.207966
0.000010 0.062705 0.043115 0.155936 0.000010 0.426576 0.000010 0.163523 0.000010 0.148104
0.000010 0.000010 0.000010 0.999910 0.000010 0.000010 0.000010 0.000010 0.000010 0.000010
0.047760 0.000010 0.000010 0.952160 0.000010 0.000010 0.000010 0.000010 0.000010 0.000010
0.250090 0.000010 0.000010 0.749830 0.000010 0.000010 0.000010 0.000010 0.000010 0.000010
0.000010 0.000010 0.000010 0.999910 0.000010 0.000010 0.000010 0.000010 0.000010 0.000010
0.000010 0.025623 0.000010 0.018937 0.000010 0.000010 0.000010 0.144029 0.696199 0.115162
0.426993 0.000010 0.000010 0.195739 0.000010 0.065901 0.000010 0.000010 0.311307 0.000010
0.555859 0.088601 0.000010 0.234897 0.000010 0.000010 0.000010 0.120582 0.000010 0.000010
0.000010 0.000010 0.000010 0.120700 0.105430 0.323890 0.199238 0.232606 0.000010 0.018095
0.000010 0.000010 0.000010 0.999910 0.000010 0.000010 0.000010 0.000010 0.000010 0.000010
0.000010 0.000010 0.000010 0.239596 0.000010 0.000010 0.601541 0.095405 0.000010 0.063398
0.000010 0.099725 0.000010 0.194040 0.000010 0.000010 0.430687 0.260738 0.000010 0.014760
0.000010 0.000010 0.000010 0.999910 0.000010 0.000010 0.000010 0.000010 0.000010 0.000010
0.000010 0.000010 0.000010 0.028598 0.000010 0.000010 0.645062 0.176292 0.000010 0.149988
0.000010 0.019098 0.000010 0.148240 0.000010 0.572542 0.000010 0.000010 0.000010 0.260060
0.000010 0.065473 0.000010 0.179043 0.119103 0.000010 0.000010 0.513542 0.000010 0.122790
0.055846 0.000010 0.000010 0.714863 0.000010 0.000010 0.000010 0.112851 0.116381 0.000010
0.000010 0.000010 0.000010 0.938699 0.000010 0.000010 0.061221 0.000010 0.000010 0.000010
0.237867 0.000010 0.018288 0.000010 0.000010 0.000010 0.674272 0.069513 0.000010 0.000010
0.000010 0.000010 0.000010 0.483415 0.000010 0.516505 0.000010 0.000010 0.000010 0.000010
0.000010 0.081010 0.000010 0.314135 0.000010 0.178740 0.000010 0.426054 0.000010 0.000010
0.000010 0.160680 0.240335 0.098893 0.000010 0.039093 0.000010 0.000010 0.000010 0.460950
0.000010 0.000010 0.000010 0.781727 0.000010 0.000010 0.000010 0.000010 0.000010 0.218193
0.261473 0.032701 0.000010 0.000010 0.000010 0.000010 0.421832 0.283934 0.000010 0.000010
0.270607 0.000010 0.000010 0.265584 0.000010 0.035423 0.193064 0.235271 0.000010 0.000010
0.000010 0.000010 0.000010 0.000010 0.000010 0.178147 0.027345 0.184254 0.452879 0.157325
0.000010 0.439774 0.017042 0.327675 0.000010 0.000010 0.000010 0.177787 0.000010 0.037671
0.449173 0.332930 0.000010 0.000010 0.000010 0.000010 0.000010 0.217828 0.000010 0.000010
0.000010 0.000010 0.035772 0.000010 0.125488 0.265774 0.452840 0.000010 0.000010 0.120076
0.000010 0.000010 0.065477 0.934443 0.000010 0.000010 0.000010 0.000010 0.000010 0.000010
0.000010 0.000010 0.000010 0.999910 0.000010 0.000010 0.000010 0.000010 0.000010 0.000010
0.000010 0.000010 0.000010 0.000010 0.000010 0.000010 0.000010 0.000010 0.000010 0.999910
0.480274 0.000010 0.000010 0.000010 0.000010 0.000010 0.519646 0.000010 0.000010 0.000010
0.000010 0.025615 0.000010 0.045990 0.000010 0.000010 0.000010 0.144538 0.681517 0.102290
0.077351 0.183495 0.000010 0.041391 0.000010 0.029201 0.000010 0.527453 0.000010 0.141069
0.000010 0.055930 0.199528 0.376290 0.000010 0.139010 0.000010 0.229191 0.000010 0.000010
0.000010 0.000010 0.000010 0.917793 0.000010 0.081316 0.000821 0.000010 0.000010 0.000010
0.000010 0.000010 0.000010 0.250189 0.002017 0.278751 0.229799 0.239195 0.000010 0.000010
0.999910 0.000010 0.000010 0.000010 0.000010 0.000010 0.000010 0.000010 0.000010 0.000010
0.000010 0.000010 0.000010 0.428990 0.000010 0.000010 0.000010 0.225272 0.000010 0.345669
0.000010 0.000010 0.000010 0.214881 0.000010 0.777988 0.000010 0.000010 0.007061 0.000010
0.386490 0.000010 0.000010 0.195415 0.000010 0.054235 0.000010 0.000010 0.363799 0.000010
0.000010 0.000010 0.000010 0.000010 0.000010 0.000010 0.000010 0.000010 0.000010 0.999910
0.000010 0.025466 0.000010 0.154882 0.000010 0.000010 0.000010 0.664234 0.000010 0.155358
0.000010 0.062819 0.000010 0.380599 0.000010 0.000010 0.000010 0.478263 0.000010 0.078259
0.000010 0.000010 0.000010 0.833189 0.000010 0.166731 0.000010 0.000010 0.000010 0.000010
0.190696 0.000010 0.000010 0.299428 0.000010 0.112005 0.111424 0.000010 0.286398 0.000010
0.000010 0.000010 0.000010 0.914800 0.000010 0.000010 0.000010 0.033068 0.052062 0.000010
0.553845 0.000010 0.000010 0.000010 0.000010 0.000010 0.446075 0.000010 0.000010 0.000010
0.000010 0.136025 0.000010 0.419791 0.000010 0.310053 0.134071 0.000010 0.000010 0.000010
0.420445 0.056315 0.000010 0.179686 0.000010 0.229961 0.000010 0.000010 0.113543 0.000010
0.000010 0.000010 0.000010 0.893644 0.000010 0.000010 0.000010 0.000010 0.106276 0.000010
0.000010 0.065868 0.000010 0.485560 0.000010 0.448502 0.000010 0.000010 0.000010 0.000010
0.000010 0.000010 0.065041 0.015780 0.000010 0.000010 0.112141 0.747634 0.059354 0.000010
0.486311 0.000010 0.000017 0.000010 0.000010 0.000010 0.513602 0.000010 0.000010 0.000010
0.000010 0.031119 0.000010 0.000010 0.000010 0.178812 0.000010 0.000010 0.085851 0.704158
0.274974 0.000010 0.000010 0.000010 0.000010 0.000010 0.085633 0.000010 0.639323 0.000010
0.037684 0.000010 0.000010 0.168955 0.004458 0.252718 0.000010 0.440606 0.000010 0.095539
0.772802 0.000010 0.000010 0.000010 0.000010 0.000010 0.000010 0.000010 0.000010 0.227118
0.000010 0.029508 0.000010 0.103384 0.000010 0.000010 0.000010 0.158740 0.633217 0.075100
0.000010 0.000010 0.000010 0.000010 0.000010 0.043229 0.261003 0.000010 0.000010 0.695698
0.000010 0.000010 0.000010 0.025091 0.000010 0.000010 0.164346 0.810493 0.000010 0.000010
0.000010 0.000010 0.000010 0.999910 0.000010 0.000010 0.000010 0.000010 0.000010 0.000010
0.034451 0.000010 0.000010 0.192858 0.000010 0.693431 0.000010 0.079200 0.000010 0.000010
0.000010 0.000010 0.000010 0.135956 0.000010 0.000010 0.600659 0.000010 0.200925 0.062400
0.031613 0.000010 0.000010 0.000010 0.000010 0.141477 0.045982 0.000010 0.780867 0.000010
0.298134 0.000010 0.000010 0.641091 0.000010 0.000010 0.000010 0.060705 0.000010 0.000010
0.000010 0.000010 0.000010 0.831201 0.000010 0.000010 0.018765 0.149964 0.000010 0.000010
0.000010 0.000010 0.000010 0.371995 0.000010 0.209685 0.000010 0.000010 0.418250 0.000010
0.000010 0.000010 0.000010 0.000010 0.000010 0.506636 0.133762 0.349600 0.009942 0.000010
0.000010 0.000010 0.000010 0.000010 0.000010 0.000010 0.000010 0.000010 0.000010 0.999910
0.999910 0.000010 0.000010 0.000010 0.000010 0.000010 0.000010 0.000010 0.000010 0.000010
0.000010 0.313792 0.000010 0.000010 0.000010 0.166590 0.000010 0.000010 0.013683 0.505875
0.000010 0.135285 0.000010 0.337658 0.000010 0.000010 0.293536 0.233461 0.000010 0.000010
0.447563 0.000010 0.000010 0.002485 0.000010 0.000010 0.000010 0.000010 0.549882 0.000010
0.000010 0.000010 0.573946 0.000010 0.000010 0.425974 0.000010 0.000010 0.000010 0.000010
0.000010 0.000010 0.000010 0.582525 0.000010 0.000010 0.000010 0.417395 0.000010 0.000010
0.064517 0.000010 0.000010 0.444034 0.000010 0.000010 0.491380 0.000010 0.000010 0.000010
0.307773 0.046007 0.000010 0.000010 0.000010 0.000010 0.164621 0.388539 0.000010 0.093009
0.726342 0.000010 0.000010 0.000010 0.000010 0.000010 0.146644 0.000010 0.000010 0.126944
0.000010 0.000010 0.000010 0.658841 0.000010 0.000010 0.000010 0.000010 0.000010 0.341079
0.660723 0.000010 0.000010 0.000010 0.000010 0.000010 0.000010 0.000010 0.339197 0.000010
0.000010 0.000010 0.000010 0.766714 0.000010 0.000010 0.000010 0.000010 0.000010 0.233206
0.000010 0.000010 0.571140 0.000010 0.000010 0.428780 0.000010 0.000010 0.000010 0.000010
0.029321 0.000010 0.000010 0.303408 0.000010 0.152749 0.075841 0.006898 0.431744 0.000010
0.000010 0.104658 0.000010 0.096489 0.000010 0.450129 0.141559 0.079202 0.127923 0.000010
0.399101 0.334999 0.000010 0.000010 0.000010 0.151274 0.000010 0.114566 0.000010 0.000010
0.000010 0.328235 0.000010 0.000010 0.000010 0.000010 0.000010 0.000010 0.671685 0.000010
0.486711 0.000010 0.000010 0.000013 0.000010 0.000010 0.513206 0.000010 0.000010 0.000010
0.000010 0.000010 0.000010 0.000010 0.000010 0.000010 0.999910 0.000010 0.000010 0.000010
0.316247 0.000010 0.000010 0.124011 0.000010 0.000010 0.079534 0.000010 0.466665 0.013493
0.000010 0.000010 0.000010 0.658249 0.000010 0.000010 0.000010 0.000010 0.341671 0.000010
0.000010 0.000010 0.000010 0.057863 0.055530 0.389018 0.056923 0.198215 0.000010 0.242410
0.000010 0.000010 0.304292 0.141094 0.000010 0.000010 0.165799 0.000010 0.388755 0.000010
0.164231 0.000010 0.000010 0.670174 0.000010 0.000010 0.000010 0.000010 0.165525 0.000010
0.016607 0.000010 0.043901 0.000010 0.000010 0.573337 0.000010 0.366095 0.000010 0.000010
0.000010 0.000010 0.043284 0.844280 0.000010 0.112366 0.000010 0.000010 0.000010 0.000010
0.000010 0.000010 0.000010 0.000010 0.000010 0.222204 0.000010 0.000010 0.004732 0.772994
0.000010 0.000010 0.000010 0.000010 0.000010 0.286362 0.000010 0.000010 0.713558 0.000010
0.456717 0.000010 0.000010 0.000010 0.000010 0.000010 0.000010 0.000010 0.543203 0.000010
0.000010 0.000010 0.035453 0.964467 0.000010 0.000010 0.000010 0.000010 0.000010 0.000010
0.000010 0.000010 0.000010 0.329730 0.000010 0.064210 0.000010 0.000010 0.605990 0.000010
0.388699 0.000010 0.000010 0.227166 0.000010 0.031800 0.000010 0.000010 0.352275 0.000010
0.097137 0.000010 0.000010 0.137222 0.000010 0.000010 0.000010 0.000010 0.765571 0.000010
0.065818 0.136658 0.000010 0.000010 0.000010 0.000010 0.519350 0.000010 0.000010 0.278114
0.283737 0.000010 0.000010 0.143231 0.000010 0.000010 0.000010 0.000010 0.572962 0.000010
0.000010 0.023111 0.000010 0.143567 0.000010 0.000010 0.000010 0.657210 0.000010 0.176052
0.000010 0.000010 0.000010 0.292226 0.069323 0.000010 0.000010 0.284037 0.295366 0.058999
0.000010 0.000010 0.000010 0.645251 0.072411 0.022257 0.000010 0.000010 0.000010 0.260021
0.405158 0.000010 0.000010 0.000010 0.000010 0.000010 0.057293 0.000010 0.537479 0.000010
0.655404 0.000010 0.000010 0.242900 0.000010 0.000010 0.000010 0.000010 0.101626 0.000010
0.000010 0.255641 0.000010 0.486622 0.000010 0.257667 0.000010 0.000010 0.000010 0.000010
0.000010 0.000010 0.000010 0.000010 0.000010 0.551568 0.000010 0.000010 0.000010 0.448352
0.000010 0.000010 0.000010 0.000010 0.000010 0.000010 0.000010 0.000010 0.999910 0.000010
0.532880 0.000010 0.000010 0.000010 0.000010 0.000010 0.467040 0.000010 0.000010 0.000010
0.000010 0.001872 0.000010 0.104113 0.000010 0.000010 0.408581 0.423088 0.000010 0.062296
0.374274 0.000010 0.000010 0.000010 0.000010 0.221453 0.000010 0.000010 0.377066 0.027147
0.000010 0.027646 0.000010 0.192550 0.000010 0.444258 0.000010 0.000010 0.000010 0.335486
0.000010 0.033415 0.000010 0.055769 0.000010 0.000010 0.445364 0.000010 0.465392 0.000010
0.000010 0.000010 0.000010 0.000010 0.000010 0.000010 0.999910 0.000010 0.000010 0.000010
0.000010 0.012944 0.000010 0.268125 0.000010 0.000010 0.002148 0.431204 0.285529 0.000010
0.000010 0.000010 0.000010 0.878072 0.000010 0.000010 0.000010 0.121848 0.000010 0.000010
0.102387 0.000010 0.000010 0.053013 0.000010 0.000010 0.214255 0.630285 0.000010 0.000010
0.000010 0.000010 0.000010 0.000010 0.000010 0.000010 0.999910 0.000010 0.000010 0.000010
0.430936 0.000010 0.000010 0.000010 0.000010 0.137963 0.000010 0.017127 0.000010 0.413914
0.999910 0.000010 0.000010 0.000010 0.000010 0.000010 0.000010 0.000010 0.000010 0.000010
0.294716 0.000010 0.000010 0.156247 0.000010 0.197714 0.000010 0.351263 0.000010 0.000010
0.000010 0.000010 0.063051 0.754734 0.000010 0.000010 0.000010 0.182145 0.000010 0.000010
0.000010 0.000010 0.046216 0.000010 0.000010 0.434635 0.000010 0.468331 0.000010 0.050758
0.000010 0.012608 0.065561 0.002160 0.000010 0.000010 0.000010 0.474496 0.000010 0.445125
0.046424 0.000010 0.118701 0.000010 0.000010 0.000010 0.000010 0.520129 0.152999 0.161697
0.000010 0.026228 0.000010 0.037522 0.000010 0.000010 0.000010 0.143813 0.684932 0.107454
0.000010 0.024039 0.000010 0.807731 0.000010 0.000010 0.043238 0.000010 0.124931 0.000010
0.000010 0.000010 0.040471 0.365274 0.000010 0.161933 0.000010 0.000010 0.366039 0.066232
0.000010 0.000010 0.000010 0.164955 0.378603 0.258329 0.000010 0.000010 0.000010 0.198052
0.000010 0.000010 0.049582 0.169820 0.572940 0.078750 0.031415 0.000010 0.097452 0.000010
0.000010 0.000010 0.000010 0.193647 0.000010 0.536825 0.269458 0.000010 0.000010 0.000010
0.000010 0.000010 0.000010 0.243628 0.000010 0.521400 0.234902 0.000010 0.000010 0.000010
0.712968 0.000010 0.158136 0.128826 0.000010 0.000010 0.000010 0.000010 0.000010 0.000010
0.000010 0.000010 0.000010 0.774641 0.000010 0.000010 0.225279 0.000010 0.000010 0.000010
0.486993 0.000010 0.051884 0.144399 0.131570 0.147890 0.000010 0.037225 0.000010 0.000010
0.000010 0.154316 0.000010 0.209730 0.635884 0.000010 0.000010 0.000010 0.000010 0.000010
0.000010 0.000010 0.439957 0.265776 0.078826 0.000010 0.000010 0.040203 0.175188 0.000010
0.000010 0.405090 0.089516 0.336185 0.169150 0.000010 0.000010 0.000010 0.000010 0.000010
0.186759 0.000010 0.036402 0.772012 0.004767 0.000010 0.000010 0.000010 0.000010 0.000010
0.000010 0.000010 0.000010 0.215583 0.050906 0.000010 0.525948 0.207502 0.000010 0.000010
0.000010 0.761286 0.013318 0.119162 0.000010 0.000010 0.000010 0.106174 0.000010 0.000010
0.000010 0.761668 0.013370 0.118438 0.000010 0.000010 0.000010 0.106464 0.000010 0.000010
0.401059 0.036911 0.055230 0.000010 0.164781 0.000010 0.270633 0.000010 0.071346 0.000010
0.093893 0.000010 0.517106 0.015260 0.103297 0.230221 0.000010 0.000010 0.040182 0.000010
0.000010 0.000010 0.089731 0.138658 0.719901 0.000010 0.000010 0.000010 0.000010 0.051650
0.282308 0.007594 0.000010 0.000010 0.202534 0.000010 0.000010 0.507504 0.000010 0.000010
0.000010 0.000010 0.422305 0.000010 0.071760 0.065703 0.000010 0.440172 0.000010 0.000010
0.221151 0.114363 0.367931 0.230854 0.000010 0.000010 0.000010 0.031410 0.000010 0.034251
0.000010 0.000010 0.064324 0.000010 0.446086 0.000010 0.000010 0.489520 0.000010 0.000010
0.589885 0.000010 0.000010 0.000010 0.000010 0.000010 0.000010 0.215205 0.194840 0.000010
0.000010 0.000010 0.071001 0.829980 0.000010 0.000010 0.000010 0.014156 0.000010 0.084803
0.000010 0.761182 0.012270 0.118311 0.000010 0.000010 0.000010 0.108177 0.000010 0.000010
0.565886 0.000010 0.000010 0.434034 0.000010 0.000010 0.000010 0.000010 0.000010 0.000010
0.000010 0.000010 0.187430 0.000010 0.000010 0.000010 0.000010 0.812490 0.000010 0.000010
0.000010 0.000010 0.177999 0.000010 0.000010 0.000010 0.000010 0.821921 0.000010 0.000010
0.000010 0.070718 0.108921 0.021173 0.373948 0.220592 0.000010 0.125508 0.000010 0.079110
0.133124 0.000010 0.161824 0.169919 0.184632 0.072753 0.000010 0.277707 0.000010 0.000010
0.573938 0.000010 0.000010 0.358406 0.000010 0.000010 0.000010 0.000010 0.067586 0.000010
0.000010 0.752771 0.010403 0.131680 0.000010 0.000010 0.000010 0.105085 0.000010 0.000010
0.000010 0.000010 0.176744 0.158750 0.234188 0.000010 0.000010 0.430258 0.000010 0.000010
0.092976 0.000010 0.000010 0.154047 0.152204 0.000010 0.000010 0.600713 0.000010 0.000010
0.453800 0.075870 0.076428 0.094460 0.173624 0.000010 0.000010 0.112509 0.000010 0.013280
0.000010 0.000010 0.000010 0.000010 0.473371 0.526549 0.000010 0.000010 0.000010 0.000010
0.193435 0.137985 0.207836 0.000010 0.411869 0.000010 0.000010 0.048826 0.000010 0.000010
0.248384 0.000010 0.000010 0.000010 0.212293 0.000010 0.000010 0.539253 0.000010 0.000010
0.832111 0.000010 0.129665 0.000010 0.038154 0.000010 0.000010 0.000010 0.000010 0.000010
0.282840 0.000010 0.034631 0.000010 0.000010 0.001852 0.000010 0.680617 0.000010 0.000010
0.427191 0.000010 0.429762 0.000010 0.110199 0.000010 0.000010 0.000010 0.032787 0.000010
0.000010 0.148829 0.000010 0.224604 0.626497 0.000010 0.000010 0.000010 0.000010 0.000010
0.130796 0.050024 0.000010 0.672444 0.146675 0.000010 0.000010 0.000010 0.000010 0.000010
0.000010 0.000010 0.528063 0.016939 0.126765 0.117036 0.073922 0.137235 0.000010 0.000010
0.000010 0.000010 0.104049 0.493373 0.000010 0.196260 0.000010 0.206259 0.000010 0.000010
0.000010 0.000010 0.011000 0.662665 0.028428 0.000010 0.000010 0.297847 0.000010 0.000010
0.000010 0.000010 0.426261 0.224529 0.310966 0.000010 0.000010 0.038183 0.000010 0.000010
0.150539 0.000010 0.211815 0.547489 0.027883 0.000010 0.000010 0.000010 0.062225 0.000010
0.000010 0.000010 0.000010 0.867547 0.029245 0.000010 0.000010 0.103138 0.000010 0.000010
0.486682 0.000010 0.052497 0.145034 0.130508 0.148310 0.000010 0.036928 0.000010 0.000010
0.066093 0.058428 0.000010 0.000011 0.169103 0.000010 0.000010 0.392224 0.000010 0.314100
0.000010 0.000010 0.287963 0.711957 0.000010 0.000010 0.000010 0.000010 0.000010 0.000010
0.009930 0.000010 0.169081 0.000010 0.064282 0.000010 0.000010 0.164927 0.591729 0.000010
0.000010 0.200489 0.505910 0.106427 0.106991 0.000010 0.000010 0.080132 0.000010 0.000010
0.000010 0.000010 0.000010 0.931051 0.000010 0.068869 0.000010 0.000010 0.000010 0.000010
0.000010 0.097785 0.350762 0.369047 0.122642 0.000010 0.000010 0.018365 0.000010 0.041359
0.000010 0.135654 0.000010 0.000010 0.391423 0.000010 0.000010 0.426684 0.046179 0.000010
0.358202 0.000010 0.000010 0.641718 0.000010 0.000010 0.000010 0.000010 0.000010 0.000010
0.000010 0.000010 0.158820 0.000010 0.045499 0.551420 0.000010 0.000010 0.244201 0.000010
0.000010 0.000010 0.000010 0.000010 0.341531 0.658389 0.000010 0.000010 0.000010 0.000010
0.000010 0.000010 0.042737 0.732252 0.092072 0.000010 0.000010 0.132879 0.000010 0.000010
0.000010 0.000010 0.000010 0.650534 0.000010 0.168816 0.000010 0.180580 0.000010 0.000010
0.000010 0.000010 0.776757 0.011186 0.000010 0.057580 0.000010 0.000010 0.154417 0.000010
0.000010 0.000010 0.161233 0.073859 0.412956 0.000010 0.000010 0.282919 0.000010 0.068984
0.000010 0.000010 0.000010 0.145951 0.291008 0.000010 0.000010 0.562970 0.000010 0.000010
0.000010 0.000010 0.000010 0.145648 0.292315 0.000010 0.000010 0.561967 0.000010 0.000010
0.786072 0.000010 0.000010 0.054059 0.000010 0.000010 0.159799 0.000010 0.000010 0.000010
0.000010 0.016772 0.095085 0.401211 0.459556 0.027327 0.000010 0.000010 0.000010 0.000010
0.057177 0.000010 0.350263 0.000010 0.169598 0.422902 0.000010 0.000010 0.000010 0.000010
0.053531 0.000010 0.354214 0.000010 0.160273 0.431922 0.000010 0.000010 0.000010 0.000010
0.000010 0.000010 0.181149 0.818771 0.000010 0.000010 0.000010 0.000010 0.000010 0.000010
0.012131 0.018445 0.064655 0.000010 0.144300 0.038248 0.000010 0.722181 0.000010 0.000010
0.000010 0.027141 0.000010 0.000010 0.219836 0.046701 0.000010 0.706262 0.000010 0.000010
0.000010 0.000010 0.576063 0.000010 0.000010 0.373052 0.000010 0.050815 0.000010 0.000010
0.000010 0.000010 0.080444 0.000010 0.470811 0.101452 0.000010 0.000010 0.000010 0.347233
0.000010 0.000010 0.000010 0.000010 0.000010 0.000010 0.999910 0.000010 0.000010 0.000010
0.000010 0.000010 0.000010 0.296814 0.703106 0.000010 0.000010 0.000010 0.000010 0.000010
0.000010 0.000010 0.079634 0.000010 0.465740 0.100484 0.000010 0.000010 0.000010 0.354082
0.000010 0.000010 0.115198 0.090288 0.504877 0.105966 0.000010 0.048857 0.000010 0.134774
0.000010 0.037183 0.000010 0.565149 0.364313 0.033294 0.000010 0.000010 0.000010 0.000010
0.000010 0.000010 0.040117 0.262275 0.538898 0.000010 0.000010 0.158651 0.000010 0.000010
0.000010 0.000010 0.000010 0.333450 0.322372 0.107435 0.000010 0.230768 0.000010 0.005925
0.000010 0.000010 0.139149 0.860771 0.000010 0.000010 0.000010 0.000010 0.000010 0.000010
0.000010 0.000010 0.087995 0.911925 0.000010 0.000010 0.000010 0.000010 0.000010 0.000010
0.000010 0.000010 0.999910 0.000010 0.000010 0.000010 0.000010 0.000010 0.000010 0.000010
0.000010 0.000010 0.999910 0.000010 0.000010 0.000010 0.000010 0.000010 0.000010 0.000010
0.267673 0.000010 0.000010 0.395640 0.000010 0.000010 0.336618 0.000010 0.000010 0.000010
0.000010 0.000010 0.814407 0.183376 0.000010 0.002147 0.000010 0.000010 0.000010 0.000010
0.000010 0.027858 0.075265 0.000010 0.132056 0.136575 0.000010 0.008478 0.583033 0.036705
0.000010 0.000010 0.428431 0.336075 0.000010 0.235423 0.000010 0.000010 0.000010 0.000010
0.000010 0.000010 0.312356 0.641389 0.000010 0.000010 0.000010 0.046185 0.000010 0.000010
0.757882 0.000010 0.000010 0.126373 0.115675 0.000010 0.000010 0.000010 0.000010 0.000010
0.854976 0.144944 0.000010 0.000010 0.000010 0.000010 0.000010 0.000010 0.000010 0.000010
0.310640 0.000010 0.630363 0.000010 0.000010 0.000010 0.000010 0.000010 0.058928 0.000010
0.000010 0.000010 0.380296 0.105542 0.125500 0.097539 0.000010 0.212515 0.059677 0.018899
0.198238 0.115233 0.000010 0.013058 0.537567 0.000010 0.000013 0.000010 0.135852 0.000010
0.794920 0.000010 0.000010 0.122499 0.082510 0.000010 0.000010 0.000011 0.000010 0.000010
0.000010 0.000010 0.002558 0.498233 0.467939 0.000010 0.031210 0.000010 0.000010 0.000010
0.000010 0.000010 0.618461 0.000010 0.140507 0.000010 0.013999 0.226973 0.000010 0.000010
0.163521 0.000010 0.000010 0.000010 0.836399 0.000010 0.000010 0.000010 0.000010 0.000010
0.082449 0.000010 0.000010 0.766362 0.151119 0.000010 0.000010 0.000010 0.000010 0.000010
0.361231 0.000010 0.000010 0.000010 0.638689 0.000010 0.000010 0.000010 0.000010 0.000010
0.000010 0.000010 0.000010 0.088629 0.402299 0.305857 0.000010 0.203155 0.000010 0.000010
0.000010 0.000010 0.728261 0.106161 0.165508 0.000010 0.000010 0.000010 0.000010 0.000010
0.080561 0.000010 0.264710 0.000010 0.101778 0.000010 0.000010 0.552891 0.000010 0.000010
0.000010 0.034100 0.439895 0.431009 0.000010 0.094936 0.000010 0.000010 0.000010 0.000010
0.000010 0.000010 0.534592 0.000010 0.306803 0.158535 0.000010 0.000010 0.000010 0.000010
0.000010 0.000010 0.000010 0.676448 0.076582 0.000010 0.246900 0.000010 0.000010 0.000010
0.203142 0.000010 0.000010 0.038382 0.000010 0.000010 0.000010 0.758407 0.000010 0.000010
0.000010 0.000010 0.328475 0.490730 0.000010 0.180725 0.000010 0.000010 0.000010 0.000010
0.000010 0.000010 0.106453 0.228660 0.495871 0.000010 0.168956 0.000010 0.000010 0.000010
0.000010 0.247486 0.240280 0.155799 0.356375 0.000010 0.000010 0.000010 0.000010 0.000010
0.809011 0.000010 0.000010 0.000010 0.190909 0.000010 0.000010 0.000010 0.000010 0.000010
0.862582 0.000010 0.000010 0.000010 0.000010 0.000010 0.137338 0.000010 0.000010 0.000010
0.000010 0.000010 0.000010 0.103115 0.066342 0.830473 0.000010 0.000010 0.000010 0.000010
0.000010 0.027343 0.000010 0.176692 0.103298 0.692607 0.000010 0.000010 0.000010 0.000010
0.600916 0.000010 0.000010 0.288877 0.110138 0.000010 0.000010 0.000010 0.000010 0.000010
0.000010 0.000010 0.000010 0.278049 0.721871 0.000010 0.000010 0.000010 0.000010 0.000010
0.854425 0.145495 0.000010 0.000010 0.000010 0.000010 0.000010 0.000010 0.000010 0.000010
0.999910 0.000010 0.000010 0.000010 0.000010 0.000010 0.000010 0.000010 0.000010 0.000010
0.166206 0.000010 0.000010 0.000010 0.833714 0.000010 0.000010 0.000010 0.000010 0.000010
0.461090 0.000010 0.000010 0.000010 0.538830 0.000010 0.000010 0.000010 0.000010 0.000010
0.230661 0.000010 0.000010 0.000010 0.598511 0.000010 0.000010 0.000010 0.170758 0.000010
0.000010 0.000010 0.000010 0.794255 0.205665 0.000010 0.000010 0.000010 0.000010 0.000010
0.084858 0.103675 0.000010 0.197212 0.487850 0.126355 0.000010 0.000010 0.000010 0.000010
0.999910 0.000010 0.000010 0.000010 0.000010 0.000010 0.000010 0.000010 0.000010 0.000010
0.707151 0.000010 0.000010 0.000010 0.000010 0.237322 0.055456 0.000010 0.000010 0.000010
0.543499 0.000010 0.456421 0.000010 0.000010 0.000010 0.000010 0.000010 0.000010 0.000010
0.574499 0.000010 0.425421 0.000010 0.000010 0.000010 0.000010 0.000010 0.000010 0.000010
0.000010 0.128513 0.000010 0.505019 0.338354 0.028054 0.000010 0.000010 0.000010 0.000010
0.502171 0.000010 0.000010 0.169944 0.307339 0.000010 0.000010 0.000010 0.000010 0.020486
0.000010 0.000010 0.000010 0.271704 0.010432 0.000010 0.000010 0.717794 0.000010 0.000010
0.000010 0.199775 0.104383 0.214396 0.305617 0.000010 0.011561 0.000010 0.000010 0.164228
0.000010 0.000010 0.520054 0.019689 0.000010 0.429305 0.000010 0.000010 0.030892 0.000010
0.298406 0.000010 0.000010 0.073243 0.628281 0.000010 0.000010 0.000010 0.000010 0.000010
0.108010 0.000010 0.167582 0.333640 0.000010 0.000010 0.390708 0.000010 0.000010 0.000010
0.000010 0.051001 0.133029 0.210744 0.464448 0.000010 0.000010 0.000010 0.000010 0.140729
0.000010 0.000010 0.000010 0.755707 0.108043 0.136180 0.000010 0.000010 0.000010 0.000010
0.000010 0.140688 0.000010 0.465450 0.195722 0.000010 0.000010 0.000010 0.000010 0.198079
0.612189 0.000010 0.000010 0.000010 0.000010 0.264753 0.000010 0.000010 0.122987 0.000010
0.000010 0.000010 0.080702 0.919218 0.000010 0.000010 0.000010 0.000010 0.000010 0.000010
0.000010 0.000010 0.000010 0.896513 0.103407 0.000010 0.000010 0.000010 0.000010 0.000010
0.499543 0.038825 0.000010 0.000010 0.158365 0.000010 0.299036 0.004180 0.000010 0.000010
0.000010 0.000010 0.000010 0.000010 0.000010 0.000010 0.999910 0.000010 0.000010 0.000010
0.000011 0.076827 0.000010 0.337776 0.397794 0.000010 0.000010 0.000010 0.187541 0.000010
0.049148 0.000010 0.000010 0.620812 0.318660 0.011320 0.000010 0.000010 0.000010 0.000010
0.044523 0.000010 0.000010 0.137977 0.135208 0.000010 0.000010 0.682233 0.000010 0.000010
0.999910 0.000010 0.000010 0.000010 0.000010 0.000010 0.000010 0.000010 0.000010 0.000010
0.221786 0.000010 0.000010 0.000010 0.470966 0.000010 0.000010 0.000010 0.000010 0.307179
0.000010 0.000010 0.000010 0.000010 0.408398 0.111467 0.000010 0.000010 0.000010 0.480065
0.000010 0.019413 0.000010 0.334620 0.461733 0.000010 0.000010 0.000010 0.000010 0.184174
0.252793 0.000010 0.000010 0.000010 0.577106 0.000010 0.000010 0.000010 0.170032 0.000010
0.000010 0.000010 0.444747 0.485073 0.067838 0.000010 0.000010 0.000010 0.000010 0.002282
0.251558 0.000010 0.000010 0.000010 0.748362 0.000010 0.000010 0.000010 0.000010 0.000010
0.386682 0.000010 0.000010 0.000010 0.000010 0.133149 0.000010 0.330973 0.149135 0.000010
0.000010 0.000010 0.146203 0.102190 0.000010 0.000010 0.000010 0.000010 0.751537 0.000010
0.871048 0.000010 0.000010 0.000010 0.128872 0.000010 0.000010 0.000010 0.000010 0.000010
0.000010 0.000010 0.000010 0.907637 0.092283 0.000010 0.000010 0.000010 0.000010 0.000010
0.000010 0.000010 0.000010 0.298950 0.000010 0.461997 0.000010 0.214501 0.024493 0.000010
0.492928 0.000010 0.007403 0.000010 0.000010 0.000010 0.499598 0.000010 0.000010 0.000010
