0.407485 0.000010 0.592475 0.000010 0.000010 0.000010
0.719676 0.000010 0.034647 0.096423 0.000010 0.149234
0.666014 0.000010 0.103896 0.087404 0.021703 0.120973
0.999950 0.000010 0.000010 0.000010 0.000010 0.000010
0.203623 0.519673 0.000010 0.215666 0.061018 0.000010
0.651847 0.000010 0.000010 0.348113 0.000010 0.000010
0.695288 0.000010 0.300579 0.004103 0.000010 0.000010
0.856578 0.000010 0.143382 0.000010 0.000010 0.000010
0.418208 0.442758 0.000010 0.000010 0.139004 0.000010
0.000010 0.092495 0.803521 0.000010 0.103953 0.000010
0.000010 0.000010 0.288649 0.465930 0.245391 0.000010
0.999950 0.000010 0.000010 0.000010 0.000010 0.000010
0.976650 0.000010 0.000010 0.023310 0.000010 0.000010
0.999950 0.000010 0.000010 0.000010 0.000010 0.000010
0.193970 0.000010 0.274727 0.287911 0.243373 0.000010
0.467154 0.000010 0.000010 0.532806 0.000010 0.000010
0.000010 0.000010 0.827012 0.065857 0.107101 0.000010
0.493798 0.268237 0.000010 0.237935 0.000010 0.000010
0.390725 0.000010 0.207797 0.367383 0.034076 0.000010
0.652532 0.347428 0.000010 0.000010 0.000010 0.000010
0.409856 0.000010 0.345373 0.046324 0.153253 0.045184
0.999950 0.000010 0.000010 0.000010 0.000010 0.000010
0.221003 0.000010 0.476468 0.302499 0.000010 0.000010
0.000010 0.000010 0.115900 0.265851 0.618218 0.000010
0.848103 0.000010 0.000010 0.025967 0.000010 0.125901
0.974917 0.000010 0.000010 0.025043 0.000010 0.000010
0.898849 0.101111 0.000010 0.000010 0.000010 0.000010
0.401476 0.000010 0.000010 0.598484 0.000010 0.000010
0.778432 0.000010 0.000010 0.000010 0.221528 0.000010
0.999950 0.000010 0.000010 0.000010 0.000010 0.000010
0.935293 0.000010 0.034037 0.000010 0.030640 0.000010
0.999950 0.000010 0.000010 0.000010 0.000010 0.000010
0.207316 0.000010 0.284041 0.508613 0.000010 0.000010
0.255014 0.000010 0.000010 0.390869 0.354087 0.000010
0.958998 0.000010 0.040962 0.000010 0.000010 0.000010
0.999950 0.000010 0.000010 0.000010 0.000010 0.000010
0.307461 0.000010 0.014200 0.430501 0.159433 0.088396
0.928330 0.000010 0.071630 0.000010 0.000010 0.000010
0.999950 0.000010 0.000010 0.000010 0.000010 0.000010
0.999949 0.000011 0.000010 0.000010 0.000010 0.000010
0.000010 0.767771 0.072973 0.159226 0.000010 0.000010
0.959836 0.000010 0.000010 0.000010 0.000010 0.040124
0.805274 0.000010 0.000010 0.000010 0.194686 0.000010
0.999950 0.000010 0.000010 0.000010 0.000010 0.000010
0.496865 0.000010 0.115502 0.276020 0.000010 0.111592
0.999950 0.000010 0.000010 0.000010 0.000010 0.000010
0.234793 0.052369 0.000010 0.712808 0.000010 0.000010
0.904377 0.000010 0.000010 0.095583 0.000010 0.000010
0.066123 0.000010 0.770920 0.162927 0.000010 0.000010
0.915134 0.000010 0.084818 0.000010 0.000017 0.000010
0.069814 0.094372 0.000010 0.493229 0.166341 0.176233
0.008546 0.000010 0.861990 0.129433 0.000010 0.000010
0.618324 0.381636 0.000010 0.000010 0.000010 0.000010
0.999950 0.000010 0.000010 0.000010 0.000010 0.000010
0.999950 0.000010 0.000010 0.000010 0.000010 0.000010
0.595142 0.000010 0.404818 0.000010 0.000010 0.000010
0.085229 0.000010 0.000010 0.813927 0.100814 0.000010
0.111977 0.000010 0.041868 0.846126 0.000010 0.000010
0.891356 0.000010 0.108604 0.000010 0.000010 0.000010
0.123889 0.222912 0.228346 0.391286 0.000010 0.033556
0.005095 0.000010 0.059197 0.400961 0.534727 0.000010
0.264247 0.037249 0.628625 0.049178 0.000010 0.020691
0.889482 0.000010 0.110478 0.000010 0.000010 0.000010
0.842499 0.157461 0.000010 0.000010 0.000010 0.000010
0.143009 0.802482 0.054479 0.000010 0.000010 0.000010
0.140213 0.000010 0.000010 0.260697 0.527457 0.071613
0.000010 0.000010 0.999950 0.000010 0.000010 0.000010
0.000010 0.015110 0.514138 0.470723 0.000010 0.000010
0.047129 0.403701 0.000010 0.000010 0.549141 0.000010
0.000010 0.999950 0.000010 0.000010 0.000010 0.000010
0.162824 0.000010 0.286794 0.233630 0.093955 0.222788
0.550405 0.000010 0.069333 0.314795 0.000010 0.065448
0.252522 0.053273 0.485450 0.208735 0.000010 0.000010
0.871012 0.000010 0.000010 0.128948 0.000010 0.000010
0.531569 0.000010 0.468391 0.000010 0.000010 0.000010
0.000010 0.786827 0.000010 0.000010 0.213133 0.000010
0.955740 0.000010 0.000014 0.000010 0.044217 0.000010
0.180419 0.000010 0.183658 0.000010 0.635894 0.000010
0.000010 0.135904 0.255660 0.336663 0.271752 0.000010
0.101058 0.026756 0.662852 0.000010 0.209314 0.000010
0.000010 0.999950 0.000010 0.000010 0.000010 0.000010
0.644137 0.000010 0.000010 0.097801 0.186608 0.071434
0.000010 0.000010 0.000010 0.000010 0.999950 0.000010
0.134022 0.551984 0.000010 0.216115 0.097860 0.000010
0.081662 0.000010 0.440483 0.055097 0.422738 0.000010
0.637652 0.165693 0.000010 0.026120 0.157368 0.013157
0.000010 0.131149 0.000010 0.082063 0.786758 0.000010
0.252801 0.008747 0.069026 0.141179 0.528237 0.000010
0.000010 0.340891 0.000010 0.659069 0.000010 0.000010
0.754746 0.000010 0.000010 0.000010 0.245214 0.000010
0.000010 0.882136 0.000010 0.000010 0.117824 0.000010
0.000010 0.478758 0.000010 0.521202 0.000010 0.000010
0.343952 0.000010 0.000010 0.554661 0.000010 0.101356
0.090235 0.000010 0.822432 0.087303 0.000010 0.000010
0.344698 0.130895 0.000010 0.373680 0.150706 0.000010
0.126289 0.000010 0.047632 0.804179 0.021881 0.000010
0.347250 0.050369 0.154576 0.447784 0.000010 0.000010
0.000010 0.000010 0.999950 0.000010 0.000010 0.000010
0.272672 0.221961 0.000010 0.505337 0.000010 0.000010
0.893802 0.000010 0.000010 0.000010 0.106158 0.000010
0.000010 0.002225 0.188930 0.000010 0.808816 0.000010
0.017554 0.465037 0.078217 0.000010 0.439172 0.000010
0.939983 0.000010 0.059977 0.000010 0.000010 0.000010
0.000010 0.999950 0.000010 0.000010 0.000010 0.000010
0.147382 0.000010 0.000010 0.852578 0.000010 0.000010
0.399108 0.000010 0.053567 0.547294 0.000010 0.000010
0.498968 0.000010 0.000010 0.000010 0.442820 0.058182
0.219800 0.000010 0.504169 0.276002 0.000010 0.000010
0.392482 0.091181 0.005050 0.424962 0.086315 0.000010
0.999950 0.000010 0.000010 0.000010 0.000010 0.000010
0.068637 0.000010 0.801703 0.000010 0.129630 0.000010
0.320111 0.000010 0.157385 0.059644 0.462840 0.000010
0.408481 0.000010 0.000010 0.591479 0.000010 0.000010
0.223708 0.000010 0.547908 0.077559 0.150805 0.000010
0.000010 0.406856 0.022283 0.000010 0.570831 0.000010
0.000010 0.000010 0.999950 0.000010 0.000010 0.000010
0.146542 0.000010 0.853418 0.000010 0.000010 0.000010
0.000010 0.000010 0.966704 0.033256 0.000010 0.000010
0.000010 0.018919 0.686963 0.294087 0.000010 0.000010
0.643166 0.076194 0.000010 0.280609 0.000010 0.000010
0.286190 0.000010 0.081424 0.632357 0.000010 0.000010
0.473893 0.000010 0.000010 0.526067 0.000010 0.000010
0.000010 0.230350 0.542014 0.000010 0.227605 0.000010
0.000010 0.315159 0.553003 0.000010 0.131808 0.000010
0.113307 0.000010 0.706298 0.180365 0.000010 0.000010
0.000010 0.826868 0.173092 0.000010 0.000010 0.000010
0.000010 0.000010 0.573638 0.361140 0.000010 0.065192
0.473286 0.000010 0.000010 0.430832 0.095852 0.000010
0.139015 0.000010 0.174369 0.000010 0.686587 0.000010
0.307218 0.000010 0.010208 0.000010 0.682544 0.000010
0.201675 0.000010 0.000010 0.000010 0.798285 0.000010
0.489089 0.435696 0.000010 0.000010 0.075185 0.000010
0.000010 0.000010 0.000010 0.999950 0.000010 0.000010
0.375798 0.254453 0.000010 0.000010 0.369719 0.000010
0.000010 0.000010 0.321918 0.613146 0.000010 0.064906
0.294570 0.361803 0.188837 0.087203 0.067576 0.000010
0.029134 0.000010 0.970826 0.000010 0.000010 0.000010
0.000012 0.003405 0.889786 0.000010 0.070864 0.035924
0.000010 0.000010 0.000010 0.999950 0.000010 0.000010
0.305075 0.073828 0.132824 0.481325 0.000010 0.006939
0.999950 0.000010 0.000010 0.000010 0.000010 0.000010
0.681818 0.000010 0.000010 0.000010 0.318142 0.000010
0.215203 0.109717 0.000010 0.000010 0.675049 0.000010
0.137317 0.000010 0.324060 0.508905 0.029699 0.000010
0.134694 0.629355 0.000010 0.010116 0.225815 0.000010
0.000010 0.796501 0.203459 0.000010 0.000010 0.000010
0.000010 0.028508 0.574541 0.392626 0.000010 0.004304
0.000010 0.000010 0.748335 0.251625 0.000010 0.000010
0.597031 0.000010 0.000010 0.402929 0.000010 0.000010
0.979941 0.000010 0.000010 0.020019 0.000010 0.000010
0.859209 0.000010 0.140751 0.000010 0.000010 0.000010
0.181070 0.000010 0.297325 0.393166 0.128420 0.000010
0.999949 0.000011 0.000010 0.000010 0.000010 0.000010
0.969013 0.030947 0.000010 0.000010 0.000010 0.000010
0.837385 0.162575 0.000010 0.000010 0.000010 0.000010
0.999950 0.000010 0.000010 0.000010 0.000010 0.000010
0.077719 0.000010 0.172951 0.166490 0.582821 0.000010
0.376971 0.622989 0.000010 0.000010 0.000010 0.000010
0.283605 0.665378 0.000010 0.050987 0.000010 0.000010
0.278602 0.000010 0.000010 0.624089 0.000010 0.097279
0.999950 0.000010 0.000010 0.000010 0.000010 0.000010
0.338989 0.291282 0.000010 0.369699 0.000010 0.000010
0.181543 0.000010 0.098260 0.662439 0.000010 0.057738
0.999950 0.000010 0.000010 0.000010 0.000010 0.000010
0.064225 0.426633 0.000010 0.509112 0.000010 0.000010
0.191924 0.000010 0.285892 0.000010 0.522154 0.000010
0.181502 0.000010 0.201022 0.510166 0.000010 0.107290
0.785837 0.000010 0.000010 0.137705 0.076429 0.000010
0.880953 0.000010 0.000010 0.119007 0.000010 0.000010
0.000010 0.756715 0.000010 0.243245 0.000010 0.000010
0.691213 0.000010 0.000010 0.150849 0.157907 0.000010
0.331954 0.000010 0.000010 0.668006 0.000010 0.000010
0.117140 0.000010 0.725543 0.157287 0.000010 0.000010
0.819470 0.000010 0.180490 0.000010 0.000010 0.000010
0.000010 0.638854 0.000010 0.361106 0.000010 0.000010
0.238443 0.404585 0.000010 0.356941 0.000010 0.000010
0.015114 0.126018 0.000010 0.392503 0.466345 0.000010
0.189267 0.000010 0.537058 0.195629 0.078026 0.000010
0.000010 0.603685 0.211482 0.184803 0.000010 0.000010
0.206386 0.006444 0.000010 0.541945 0.121917 0.123297
0.995477 0.000010 0.000010 0.000010 0.004483 0.000010
0.999950 0.000010 0.000010 0.000010 0.000010 0.000010
0.000010 0.000010 0.999950 0.000010 0.000010 0.000010
0.000010 0.999950 0.000010 0.000010 0.000010 0.000010
0.106293 0.000010 0.154264 0.173792 0.565631 0.000010
0.000010 0.189915 0.343344 0.466710 0.000010 0.000010
0.336031 0.000014 0.000010 0.659235 0.000010 0.004700
0.943220 0.056740 0.000010 0.000010 0.000010 0.000010
0.361071 0.000010 0.000010 0.508717 0.130182 0.000010
0.000010 0.999950 0.000010 0.000010 0.000010 0.000010
0.565006 0.000010 0.013601 0.421362 0.000010 0.000010
0.245253 0.000010 0.053517 0.000010 0.701200 0.000010
0.355063 0.635194 0.000010 0.000010 0.009713 0.000010
0.070266 0.000010 0.929694 0.000010 0.000010 0.000010
0.102640 0.094905 0.171361 0.631074 0.000010 0.000010
0.296693 0.000010 0.169337 0.533940 0.000010 0.000010
0.819261 0.000010 0.009212 0.131952 0.039555 0.000010
0.358740 0.378622 0.000010 0.193934 0.068683 0.000010
0.928336 0.000010 0.000010 0.071624 0.000010 0.000010
0.000010 0.999950 0.000010 0.000010 0.000010 0.000010
0.475807 0.170967 0.031832 0.000010 0.299895 0.021490
0.213710 0.491050 0.094955 0.000010 0.200265 0.000010
0.999950 0.000010 0.000010 0.000010 0.000010 0.000010
0.527775 0.029666 0.000010 0.085748 0.356791 0.000010
0.064038 0.003089 0.023482 0.841346 0.068036 0.000010
0.000010 0.999950 0.000010 0.000010 0.000010 0.000010
0.000010 0.000010 0.764637 0.000010 0.235323 0.000010
0.097180 0.583032 0.000010 0.000010 0.319758 0.000010
0.211761 0.179879 0.113849 0.494492 0.000010 0.000010
0.128645 0.654824 0.216501 0.000010 0.000010 0.000010
0.134481 0.000010 0.139291 0.216252 0.509956 0.000010
0.004744 0.112778 0.763103 0.119355 0.000010 0.000010
0.000010 0.000010 0.000010 0.999950 0.000010 0.000010
0.999950 0.000010 0.000010 0.000010 0.000010 0.000010
0.215577 0.274148 0.000010 0.397973 0.112281 0.000010
0.095902 0.524144 0.000010 0.164222 0.215713 0.000010
0.000010 0.165547 0.000010 0.000010 0.834413 0.000010
0.695078 0.304882 0.000010 0.000010 0.000010 0.000010
0.838448 0.000010 0.000010 0.161512 0.000010 0.000010
0.425334 0.094664 0.000010 0.000010 0.479972 0.000010
0.000010 0.088165 0.000010 0.652365 0.259439 0.000010
0.000010 0.000010 0.999950 0.000010 0.000010 0.000010
0.000010 0.999950 0.000010 0.000010 0.000010 0.000010
0.000010 0.000010 0.870331 0.000010 0.129629 0.000010
0.336643 0.084490 0.000010 0.578837 0.000010 0.000010
0.245166 0.754794 0.000010 0.000010 0.000010 0.000010
0.073924 0.000010 0.000010 0.534222 0.391824 0.000010
0.605154 0.000010 0.000010 0.394806 0.000010 0.000010
0.444562 0.430999 0.000010 0.124409 0.000010 0.000010
0.000010 0.455388 0.115185 0.429397 0.000010 0.000010
0.000010 0.893549 0.106411 0.000010 0.000010 0.000010
0.771053 0.000010 0.228907 0.000010 0.000010 0.000010
0.000010 0.752918 0.000010 0.000010 0.247042 0.000010
0.999342 0.000010 0.000010 0.000010 0.000618 0.000010
0.084848 0.000010 0.000010 0.525932 0.389189 0.000010
0.318977 0.130454 0.000010 0.000010 0.550540 0.000010
0.187055 0.144815 0.000010 0.326962 0.341147 0.000010
0.000010 0.481189 0.225628 0.231562 0.061601 0.000010
0.000010 0.000010 0.000010 0.000010 0.999950 0.000010
0.000010 0.999950 0.000010 0.000010 0.000010 0.000010
0.026486 0.680313 0.000010 0.293171 0.000010 0.000010
0.297515 0.505823 0.000010 0.066488 0.130154 0.000010
0.713632 0.014395 0.000010 0.000010 0.271943 0.000010
0.163846 0.000010 0.183100 0.550663 0.102371 0.000010
0.222719 0.000010 0.000010 0.055796 0.721455 0.000010
0.722845 0.277115 0.000010 0.000010 0.000010 0.000010
0.000010 0.216407 0.000010 0.541436 0.242127 0.000010
0.932390 0.000010 0.000010 0.000010 0.067570 0.000010
0.000010 0.000010 0.787303 0.000010 0.212657 0.000010
0.000010 0.000010 0.000010 0.000010 0.999950 0.000010
0.243899 0.756061 0.000010 0.000010 0.000010 0.000010
0.994850 0.000010 0.000010 0.000010 0.005110 0.000010
0.329246 0.000010 0.000010 0.000010 0.670714 0.000010
0.381498 0.618462 0.000010 0.000010 0.000010 0.000010
0.223834 0.076854 0.000010 0.000010 0.699282 0.000010
0.000010 0.372635 0.415612 0.000010 0.211723 0.000010
0.304444 0.695516 0.000010 0.000010 0.000010 0.000010
0.076616 0.117461 0.179137 0.626767 0.000010 0.000010
0.322299 0.050360 0.000010 0.627310 0.000010 0.000010
0.780994 0.000010 0.145987 0.035061 0.000010 0.037938
0.000010 0.771501 0.000010 0.000010 0.228459 0.000010
0.284183 0.715777 0.000010 0.000010 0.000010 0.000010
0.582048 0.032015 0.000010 0.298094 0.087823 0.000010
0.075946 0.000010 0.534924 0.129505 0.259606 0.000010
0.023211 0.056521 0.000010 0.000010 0.920238 0.000010
0.000010 0.791983 0.000010 0.000010 0.207977 0.000010
0.189441 0.038528 0.068992 0.703020 0.000010 0.000010
0.000010 0.392032 0.022143 0.000010 0.585796 0.000010
0.234144 0.000010 0.385803 0.000010 0.380023 0.000010
0.241310 0.115924 0.004262 0.043289 0.595205 0.000010
0.019759 0.610479 0.000010 0.053455 0.316287 0.000010
0.238131 0.016997 0.000010 0.581800 0.163052 0.000010
0.873508 0.000010 0.000010 0.126452 0.000010 0.000010
0.000010 0.321783 0.000010 0.678177 0.000010 0.000010
0.029543 0.585206 0.000010 0.327854 0.057377 0.000010
0.123019 0.425346 0.250513 0.201103 0.000010 0.000010
0.000010 0.999950 0.000010 0.000010 0.000010 0.000010
0.138460 0.550248 0.000010 0.311262 0.000010 0.000010
0.748009 0.000010 0.000010 0.251951 0.000010 0.000010
0.000010 0.099043 0.000010 0.525482 0.375444 0.000010
0.090051 0.018740 0.442719 0.448469 0.000010 0.000010
0.000010 0.079819 0.121669 0.684494 0.029033 0.084975
0.097695 0.000010 0.163170 0.169608 0.569507 0.000010
0.832234 0.059394 0.000010 0.000010 0.108342 0.000010
0.421271 0.000010 0.098561 0.000010 0.480139 0.000010
0.362330 0.000010 0.043521 0.073794 0.039181 0.481164
0.245076 0.000010 0.000010 0.000010 0.193229 0.561665
0.240103 0.378629 0.000010 0.000010 0.381238 0.000010
0.232988 0.403927 0.000010 0.000010 0.363055 0.000010
0.113045 0.706252 0.000010 0.000010 0.106757 0.073926
0.844461 0.000010 0.000010 0.155499 0.000010 0.000010
0.130166 0.511921 0.000010 0.000010 0.136154 0.221740
0.185083 0.000010 0.122277 0.000010 0.000010 0.692610
0.251603 0.000010 0.000010 0.000010 0.573982 0.174385
0.409631 0.012278 0.150813 0.000010 0.000010 0.427258
0.919552 0.000010 0.000010 0.000010 0.000010 0.080408
0.226426 0.273098 0.000010 0.500445 0.000010 0.000010
0.286187 0.000010 0.000010 0.000010 0.000010 0.713773
0.284297 0.000010 0.000010 0.000010 0.000010 0.715663
0.000010 0.752576 0.000010 0.000010 0.012453 0.234941
0.142451 0.000010 0.000010 0.000010 0.474672 0.382847
0.221229 0.000010 0.000010 0.000010 0.000010 0.778731
0.000010 0.467372 0.000010 0.091434 0.000010 0.441164
0.004319 0.000010 0.000010 0.317227 0.194733 0.483702
0.204889 0.342408 0.334964 0.000010 0.000010 0.117720
0.000010 0.104085 0.000010 0.274718 0.000010 0.621166
0.000010 0.550783 0.000010 0.000010 0.449177 0.000010
0.884883 0.000010 0.029284 0.011814 0.000010 0.073998
0.281879 0.000010 0.000010 0.000010 0.000010 0.718081
0.762308 0.237652 0.000010 0.000010 0.000010 0.000010
0.000010 0.000010 0.000010 0.888310 0.000010 0.111650
0.000010 0.000010 0.000010 0.892935 0.000010 0.107025
0.155148 0.000010 0.127681 0.246428 0.017904 0.452828
0.263068 0.208447 0.000010 0.126393 0.000010 0.402072
0.531215 0.463198 0.000010 0.000010 0.005557 0.000010
0.296243 0.000010 0.000010 0.000010 0.000010 0.703717
0.185290 0.000010 0.009949 0.277144 0.032253 0.495354
0.110749 0.219316 0.000010 0.522440 0.000010 0.147475
0.143640 0.456148 0.008549 0.000010 0.000010 0.391643
0.177296 0.000010 0.000010 0.000010 0.235907 0.586767
0.000010 0.297219 0.014458 0.000010 0.042256 0.646047
0.000010 0.424818 0.000010 0.133162 0.000010 0.441991
0.000010 0.822799 0.000010 0.000010 0.113302 0.063869
0.033562 0.310683 0.000010 0.543004 0.000010 0.112730
0.000010 0.453930 0.000010 0.000010 0.024652 0.521388
0.192195 0.000010 0.122311 0.000010 0.000010 0.685464
0.562705 0.437255 0.000010 0.000010 0.000010 0.000010
0.098869 0.000010 0.000010 0.048731 0.439807 0.412573
0.588236 0.000010 0.000010 0.282224 0.093920 0.035600
0.646549 0.000010 0.000010 0.303429 0.000010 0.049993
0.278706 0.033872 0.000010 0.000010 0.000010 0.687392
0.691663 0.000010 0.000010 0.000010 0.208788 0.099519
0.927469 0.000010 0.000010 0.026284 0.000010 0.046217
0.130786 0.511769 0.000010 0.000010 0.137087 0.220338
0.000010 0.222645 0.355857 0.042699 0.000010 0.378779
0.761527 0.000010 0.000010 0.000010 0.238433 0.000010
0.000010 0.247350 0.000010 0.031508 0.721112 0.000010
0.176959 0.000010 0.062212 0.000010 0.162934 0.597875
0.962802 0.000010 0.000010 0.000010 0.000010 0.037158
0.414903 0.000010 0.169784 0.000010 0.000010 0.415283
0.000010 0.000010 0.003240 0.614222 0.030017 0.352501
0.837369 0.162591 0.000010 0.000010 0.000010 0.000010
0.000010 0.000010 0.000010 0.000010 0.927133 0.072827
0.187675 0.000010 0.000010 0.000010 0.334883 0.477412
0.751465 0.000010 0.000010 0.049547 0.000010 0.198958
0.683431 0.064161 0.000010 0.029878 0.222510 0.000010
0.000010 0.000010 0.000010 0.000010 0.879348 0.120612
0.126098 0.000010 0.058849 0.203133 0.030317 0.581593
0.104832 0.186181 0.000010 0.268930 0.000010 0.440036
0.096723 0.207825 0.000010 0.253285 0.000010 0.442146
0.165433 0.834527 0.000010 0.000010 0.000010 0.000010
0.480196 0.000010 0.030257 0.000010 0.000010 0.489517
0.136862 0.063531 0.000010 0.000010 0.335457 0.464129
0.138019 0.061718 0.000010 0.000010 0.338204 0.462039
0.839925 0.000010 0.000010 0.000010 0.160035 0.000010
0.000010 0.144185 0.000010 0.393545 0.000010 0.462241
0.000010 0.107283 0.000010 0.339101 0.000010 0.553586
0.047155 0.000010 0.012572 0.056535 0.748712 0.135017
0.054266 0.000010 0.199777 0.000010 0.000010 0.745927
0.144225 0.629342 0.000010 0.226403 0.000010 0.000010
0.360283 0.000010 0.000010 0.000010 0.000010 0.639677
0.060327 0.000010 0.197596 0.000010 0.000010 0.742046
0.242115 0.000010 0.000010 0.094967 0.000010 0.662887
0.609696 0.000010 0.023980 0.000010 0.000010 0.366294
0.270795 0.000010 0.000010 0.073167 0.000010 0.656008
0.382445 0.000010 0.000010 0.267011 0.000010 0.350514
0.999950 0.000010 0.000010 0.000010 0.000010 0.000010
0.999950 0.000010 0.000010 0.000010 0.000010 0.000010
0.212979 0.000010 0.000010 0.000010 0.002909 0.784083
0.152327 0.000010 0.000010 0.000010 0.087407 0.760236
0.381605 0.618355 0.000010 0.000010 0.000010 0.000010
0.258272 0.000010 0.000010 0.000010 0.353138 0.388560
0.050332 0.090832 0.065359 0.024025 0.606598 0.162853
0.556023 0.000010 0.000010 0.000010 0.234022 0.209925
0.781585 0.000010 0.000010 0.063187 0.146840 0.008368
0.507010 0.327328 0.000010 0.000010 0.000010 0.165632
0.000010 0.539955 0.000010 0.000010 0.000010 0.460005
0.073702 0.000010 0.000010 0.000010 0.815711 0.110557
0.179945 0.000010 0.000010 0.212592 0.198913 0.408530
0.038048 0.321487 0.000010 0.000010 0.000010 0.640435
0.494094 0.351546 0.000010 0.000010 0.000010 0.154330
0.501152 0.000010 0.000010 0.000010 0.000010 0.498808
0.095363 0.000010 0.000010 0.278402 0.000010 0.626206
0.000010 0.182578 0.000010 0.000010 0.000010 0.817382
0.846063 0.000010 0.000010 0.000010 0.000010 0.153897
0.000010 0.199665 0.000010 0.000010 0.000010 0.800295
0.296257 0.000010 0.000010 0.000010 0.000010 0.703703
0.232686 0.000010 0.000010 0.180522 0.082746 0.504025
0.023598 0.312808 0.000010 0.164295 0.000010 0.499279
0.491312 0.000010 0.000010 0.000010 0.276413 0.232244
0.145805 0.000010 0.000010 0.000010 0.141285 0.712880
0.780067 0.087230 0.000010 0.000010 0.000010 0.132673
0.148095 0.197697 0.000010 0.625724 0.000010 0.028465
0.538840 0.000010 0.000010 0.000010 0.461120 0.000010
0.352763 0.000010 0.000010 0.000010 0.094469 0.552738
0.315680 0.000010 0.000010 0.000010 0.000010 0.684280
0.224932 0.447958 0.000010 0.000010 0.000010 0.327079
0.000010 0.999950 0.000010 0.000010 0.000010 0.000010
0.409463 0.000010 0.000010 0.000010 0.342861 0.247645
0.301551 0.000010 0.000010 0.000010 0.364575 0.333844
0.537663 0.295196 0.000010 0.000010 0.000010 0.167110
0.346590 0.000010 0.000010 0.000010 0.000010 0.653370
0.000010 0.548468 0.000010 0.000010 0.000010 0.451492
0.000010 0.999950 0.000010 0.000010 0.000010 0.000010
0.000010 0.188024 0.000010 0.000010 0.000010 0.811936
0.000010 0.257043 0.000010 0.000010 0.000010 0.742917
0.035371 0.320460 0.000010 0.000010 0.020076 0.624073
0.807768 0.000010 0.000010 0.000010 0.000010 0.192192
0.407826 0.017488 0.000010 0.000010 0.000010 0.574656
0.000010 0.999950 0.000010 0.000010 0.000010 0.000010
0.190506 0.740265 0.000010 0.000010 0.069199 0.000010
0.000010 0.585829 0.000010 0.000010 0.259219 0.154922
0.000010 0.602043 0.000010 0.000010 0.255465 0.142462
0.565649 0.000010 0.000010 0.000010 0.000010 0.434311
0.170036 0.493436 0.000010 0.000010 0.000010 0.336499
0.117774 0.225237 0.041308 0.605274 0.000010 0.010398
0.310770 0.000010 0.354234 0.000010 0.000010 0.334966
0.000010 0.000010 0.000010 0.000010 0.999950 0.000010
0.184261 0.206461 0.000010 0.000010 0.000010 0.609248
0.391653 0.396362 0.000010 0.065903 0.146061 0.000010
0.244852 0.000010 0.141537 0.000010 0.000010 0.613581
0.839296 0.000010 0.000010 0.000010 0.000010 0.160664
0.417599 0.000010 0.540543 0.000010 0.000010 0.041828
0.000010 0.482139 0.000010 0.000010 0.468476 0.049355
0.937004 0.000010 0.000010 0.000010 0.026997 0.035969
0.926981 0.000010 0.000010 0.000010 0.000010 0.072979
0.000010 0.782000 0.000010 0.000010 0.000010 0.217960
0.186131 0.648942 0.000010 0.029833 0.119991 0.015093
0.384412 0.000010 0.000010 0.000010 0.199829 0.415729
0.676035 0.000010 0.000010 0.000010 0.000010 0.323925
0.061475 0.202974 0.000010 0.538311 0.000010 0.197221
0.000010 0.999950 0.000010 0.000010 0.000010 0.000010
0.125432 0.207917 0.106865 0.000010 0.000010 0.559766
0.185855 0.000010 0.228780 0.000010 0.000010 0.585335
0.340643 0.000010 0.188148 0.000010 0.000010 0.471179
0.096553 0.303072 0.000010 0.000010 0.023104 0.577252
0.620526 0.000010 0.000010 0.000010 0.000010 0.379434
0.027394 0.300195 0.000010 0.000010 0.000010 0.672381
0.000010 0.577819 0.000010 0.043836 0.378315 0.000010
0.177168 0.000010 0.000010 0.000010 0.771221 0.051581
0.000010 0.868966 0.000010 0.000010 0.000010 0.130994
0.924156 0.000010 0.000010 0.000010 0.000010 0.075804
0.413708 0.075847 0.000010 0.359684 0.150741 0.000010
0.000010 0.999950 0.000010 0.000010 0.000010 0.000010
0.000010 0.000010 0.173942 0.057936 0.242383 0.525719
0.065694 0.000010 0.000010 0.245589 0.688687 0.000010
0.000010 0.302591 0.000010 0.000010 0.697369 0.000010
0.737166 0.000010 0.000010 0.000010 0.212169 0.050635
0.513634 0.000010 0.250507 0.000010 0.000010 0.235829
0.147420 0.703694 0.000010 0.000010 0.148857 0.000010
0.592129 0.260188 0.000010 0.000010 0.079535 0.068128
0.000010 0.000010 0.000010 0.000010 0.999950 0.000010
0.000010 0.000010 0.000010 0.000010 0.999950 0.000010
0.000010 0.000010 0.000010 0.000010 0.999950 0.000010
0.430728 0.000010 0.000010 0.000010 0.209415 0.359826
0.625359 0.350925 0.000010 0.000010 0.000010 0.023687
0.148059 0.705123 0.000010 0.000010 0.146789 0.000010
0.000010 0.656711 0.000010 0.000010 0.000010 0.343249
0.189118 0.000010 0.000010 0.602383 0.017198 0.191281
0.213607 0.000010 0.000010 0.139582 0.000010 0.646781
0.000010 0.376494 0.000010 0.274711 0.000010 0.348765
0.150011 0.702174 0.000010 0.000010 0.147785 0.000010
0.000010 0.766063 0.000010 0.000010 0.000010 0.233897
0.000010 0.652354 0.000010 0.000010 0.347606 0.000010
0.277297 0.000010 0.000010 0.397264 0.000010 0.325409
0.000010 0.657206 0.000010 0.000010 0.000010 0.342754
0.152034 0.847926 0.000010 0.000010 0.000010 0.000010
0.061759 0.000010 0.000010 0.247610 0.690601 0.000010
0.466373 0.000010 0.000010 0.000010 0.000010 0.533587
0.999950 0.000010 0.000010 0.000010 0.000010 0.000010
0.000010 0.000010 0.000010 0.000010 0.999950 0.000010
0.399682 0.173344 0.000010 0.000010 0.155572 0.271382
0.000010 0.822830 0.000010 0.000010 0.000010 0.177130
0.000010 0.000010 0.000010 0.000010 0.999950 0.000010
0.000010 0.657206 0.000010 0.000010 0.000010 0.342754
0.757910 0.025816 0.000010 0.004896 0.211357 0.000010
0.456654 0.157727 0.000010 0.000010 0.000010 0.385589
0.028407 0.000010 0.000010 0.230895 0.740668 0.000010
0.037254 0.000010 0.000010 0.000010 0.459611 0.503105
0.763942 0.000010 0.000010 0.017380 0.000010 0.218648
0.747854 0.000010 0.000010 0.000010 0.081292 0.170823
0.000010 0.890802 0.000010 0.000010 0.000010 0.109158
0.225420 0.000010 0.000010 0.185730 0.588820 0.000010
0.659722 0.223384 0.000010 0.000010 0.103298 0.013577
0.000010 0.787110 0.055456 0.000010 0.143548 0.013867
0.284690 0.000010 0.090783 0.000010 0.000010 0.624497
0.008048 0.000213 0.000010 0.423535 0.000010 0.568184
0.000010 0.999950 0.000010 0.000010 0.000010 0.000010
0.436465 0.000010 0.000010 0.000010 0.000010 0.563495
0.150056 0.701972 0.000010 0.000010 0.147942 0.000010
0.355755 0.000010 0.000010 0.000010 0.000010 0.644205
0.947966 0.000010 0.000010 0.000010 0.000010 0.051994
0.000010 0.000010 0.000010 0.000010 0.999950 0.000010
0.171689 0.000010 0.000010 0.078608 0.000010 0.749673
0.000010 0.999950 0.000010 0.000010 0.000010 0.000010
0.361365 0.000010 0.000010 0.000010 0.000010 0.638595
0.000010 0.000010 0.000010 0.000010 0.999950 0.000010
0.166918 0.143178 0.000010 0.000010 0.000010 0.689873
0.020838 0.290175 0.000010 0.187596 0.000010 0.501371
0.000010 0.000010 0.000010 0.000010 0.999950 0.000010
0.000010 0.000010 0.000010 0.000010 0.999950 0.000010
0.172059 0.787432 0.000010 0.000010 0.000010 0.040479
0.226835 0.000010 0.000010 0.278866 0.064916 0.429363
0.036723 0.920413 0.000010 0.000010 0.042834 0.000010
0.250504 0.000010 0.000010 0.000010 0.344762 0.404704
0.003391 0.264711 0.000010 0.203019 0.000010 0.528859
0.157194 0.560786 0.047501 0.000010 0.000010 0.234499
0.000010 0.000010 0.000010 0.000010 0.999950 0.000010
0.557329 0.400614 0.042027 0.000010 0.000010 0.000010
0.209389 0.000010 0.000010 0.000010 0.466773 0.323808
0.000010 0.000010 0.000010 0.000010 0.999950 0.000010
0.000010 0.000010 0.000010 0.000010 0.999950 0.000010
0.000010 0.000010 0.000010 0.000010 0.999950 0.000010
0.000010 0.551775 0.000010 0.194744 0.149672 0.103789
0.000010 0.402419 0.023120 0.000010 0.574431 0.000010
0.183848 0.718127 0.000010 0.000010 0.097995 0.000010
0.047098 0.652231 0.000010 0.000010 0.300641 0.000010
0.179152 0.000010 0.000010 0.075469 0.000010 0.745349
0.246341 0.030661 0.028154 0.083361 0.000010 0.611473
0.368918 0.333468 0.000010 0.000010 0.000010 0.297584
0.860280 0.000010 0.003737 0.000010 0.000010 0.135953
0.210454 0.000010 0.000010 0.049904 0.294488 0.445134
0.000010 0.408970 0.022839 0.000010 0.568162 0.000010
0.142631 0.000010 0.000010 0.000010 0.522807 0.334532
0.635312 0.000010 0.000010 0.000010 0.000010 0.364648
0.000010 0.000010 0.000010 0.000010 0.999950 0.000010
0.000010 0.000010 0.000010 0.000010 0.999950 0.000010
0.145367 0.038782 0.068853 0.172882 0.000010 0.574107
0.000010 0.000010 0.000010 0.000010 0.999950 0.000010
0.214506 0.000010 0.000010 0.064438 0.000010 0.721026
0.000010 0.000010 0.000010 0.486773 0.000010 0.513187
0.109881 0.372714 0.000010 0.000010 0.058034 0.459351
0.331939 0.000010 0.049090 0.000010 0.000010 0.618940
0.971552 0.000010 0.000010 0.000010 0.000010 0.028408
0.329269 0.059226 0.000010 0.000010 0.000010 0.611475
0.288552 0.000010 0.093363 0.000010 0.000010 0.618055
0.806362 0.044392 0.000010 0.000010 0.000010 0.149216
0.025826 0.296824 0.000010 0.187117 0.000010 0.490212
0.000010 0.999950 0.000010 0.000010 0.000010 0.000010
0.510988 0.000010 0.000010 0.000010 0.000010 0.488972
0.328377 0.000010 0.000010 0.000010 0.392955 0.278638
0.385002 0.000010 0.000010 0.000010 0.000010 0.614958
0.000010 0.000010 0.000010 0.000010 0.999950 0.000010
0.000010 0.589571 0.000010 0.083418 0.185423 0.141567
0.000010 0.810632 0.000010 0.000010 0.000010 0.189328
0.181900 0.029667 0.000010 0.163847 0.000010 0.624566
0.035906 0.000010 0.000010 0.000010 0.477188 0.486876
0.948729 0.040935 0.000010 0.000010 0.000010 0.010305
0.234968 0.000010 0.000010 0.000010 0.402785 0.362217
0.000010 0.000010 0.000010 0.000010 0.999950 0.000010
0.000010 0.000010 0.000010 0.000010 0.999950 0.000010
0.605648 0.220018 0.000010 0.174304 0.000010 0.000010
0.699275 0.264431 0.000010 0.000010 0.000010 0.036264
0.448279 0.551681 0.000010 0.000010 0.000010 0.000010
0.294320 0.000010 0.000010 0.000010 0.000010 0.705640
0.317032 0.000010 0.118756 0.000010 0.000010 0.564183
0.374750 0.000010 0.000010 0.000010 0.171073 0.454147
0.188416 0.000010 0.079096 0.172412 0.003602 0.556464
0.365691 0.000010 0.008547 0.000010 0.158471 0.467272
0.000010 0.251113 0.177860 0.000010 0.000010 0.570997
0.000010 0.258177 0.145382 0.000010 0.000010 0.596411
0.000010 0.999950 0.000010 0.000010 0.000010 0.000010
0.169629 0.000010 0.000010 0.127015 0.000010 0.703325
0.162873 0.199248 0.000010 0.000010 0.000010 0.637850
0.248055 0.000010 0.000010 0.000010 0.000010 0.751905
0.000010 0.207616 0.000010 0.125712 0.000010 0.666642
0.000010 0.332301 0.109191 0.000010 0.000010 0.558478
0.157488 0.842472 0.000010 0.000010 0.000010 0.000010
0.133900 0.000010 0.061625 0.000010 0.000010 0.804444
0.000010 0.999950 0.000010 0.000010 0.000010 0.000010
0.175777 0.259197 0.077509 0.000010 0.000010 0.487498
0.441318 0.000010 0.000010 0.000010 0.000010 0.558642
0.037541 0.224657 0.034062 0.000010 0.000010 0.703720
0.000010 0.999950 0.000010 0.000010 0.000010 0.000010
0.187297 0.307377 0.000010 0.000010 0.000010 0.505296
0.342342 0.102039 0.000010 0.000010 0.000010 0.555589
0.013842 0.000010 0.000010 0.000010 0.458094 0.528034
0.423176 0.000010 0.000010 0.000010 0.000010 0.576784
0.418705 0.000010 0.039375 0.000010 0.000010 0.541889
0.250710 0.000010 0.000010 0.000010 0.000010 0.749250
0.000010 0.226077 0.000010 0.000010 0.000010 0.773883
0.224921 0.543771 0.000010 0.061974 0.169314 0.000010
0.478542 0.000010 0.027057 0.000010 0.000010 0.494371
0.080201 0.329313 0.000010 0.000010 0.000010 0.590456
0.308488 0.000010 0.000010 0.029016 0.000010 0.662466
0.506562 0.000010 0.000010 0.000010 0.000010 0.493398
0.152863 0.847097 0.000010 0.000010 0.000010 0.000010
0.242921 0.108741 0.000010 0.075513 0.000010 0.572805
0.198346 0.000010 0.000010 0.000010 0.000010 0.801614
0.238384 0.000010 0.000010 0.188259 0.000010 0.573327
0.000010 0.218770 0.000010 0.015360 0.000010 0.765840
0.296320 0.000010 0.000014 0.251943 0.000010 0.451703
0.000010 0.207616 0.000010 0.125712 0.000010 0.666642
0.434701 0.063816 0.103650 0.000010 0.000010 0.397813
0.145575 0.000010 0.000010 0.160162 0.000010 0.694233
0.140945 0.000010 0.061886 0.000010 0.000010 0.797139
0.239314 0.107887 0.000010 0.076966 0.000010 0.575813
0.295748 0.000010 0.000010 0.000010 0.126230 0.577992
0.160307 0.000010 0.086736 0.000010 0.002066 0.750871
0.000010 0.999950 0.000010 0.000010 0.000010 0.000010
0.000010 0.000010 0.076751 0.000010 0.184203 0.739016
0.367885 0.000010 0.000010 0.265916 0.000010 0.366169
0.560557 0.000010 0.117669 0.000010 0.043786 0.277968
0.194460 0.054456 0.001147 0.000010 0.000010 0.749917
0.000010 0.136634 0.000010 0.000010 0.708677 0.154659
0.209560 0.152605 0.000010 0.000010 0.001724 0.636091
0.201673 0.000010 0.000010 0.309549 0.000010 0.488748
0.680192 0.000010 0.000010 0.000010 0.000010 0.319768
0.000010 0.235919 0.000010 0.000010 0.677403 0.086648
0.485836 0.000010 0.022069 0.000010 0.000010 0.492065
0.881918 0.000010 0.000010 0.000010 0.000010 0.118042
0.176351 0.320175 0.000010 0.000010 0.000010 0.503443
0.036546 0.209776 0.000010 0.000010 0.000010 0.753647
0.396676 0.000010 0.038227 0.000010 0.000010 0.565067
0.475234 0.000010 0.028609 0.000010 0.000010 0.496127
0.275189 0.000010 0.000010 0.168864 0.178516 0.377411
0.332409 0.000010 0.000010 0.000010 0.000010 0.667551
0.277918 0.000010 0.000010 0.000010 0.000010 0.722042
0.000010 0.870304 0.000010 0.000010 0.000010 0.129656
0.269885 0.181797 0.000010 0.000010 0.000010 0.548288
0.606663 0.000010 0.000010 0.000010 0.000010 0.393297
0.598215 0.000010 0.000010 0.000010 0.000010 0.401745
0.066669 0.424895 0.000010 0.000010 0.000010 0.508406
0.230548 0.000010 0.000010 0.000010 0.000010 0.769412
0.182874 0.531387 0.000010 0.052867 0.000010 0.232852
0.229241 0.300610 0.450859 0.000010 0.000010 0.019270
0.000010 0.930770 0.000010 0.000010 0.000010 0.069190
0.000010 0.961794 0.000010 0.000010 0.000010 0.038166
0.286252 0.251082 0.000010 0.000010 0.265431 0.197215
0.021738 0.205651 0.245159 0.000010 0.000010 0.527432
0.119043 0.071331 0.000010 0.000010 0.564302 0.245304
0.000010 0.551438 0.000010 0.000010 0.000010 0.448522
0.027795 0.858728 0.000010 0.113448 0.000010 0.000010
0.000010 0.197573 0.000010 0.000010 0.000010 0.802387
0.205805 0.000010 0.000010 0.639107 0.000010 0.155058
0.021235 0.258131 0.057912 0.000010 0.000010 0.662701
0.546872 0.126044 0.000010 0.000010 0.000010 0.327054
0.061995 0.652616 0.000010 0.195331 0.090038 0.000010
0.126251 0.000010 0.000010 0.082647 0.649680 0.141403
0.000010 0.396509 0.000010 0.000010 0.000010 0.603451
0.000010 0.000010 0.000010 0.000010 0.999950 0.000010
0.384644 0.000010 0.000010 0.000010 0.171353 0.443973
0.529311 0.000010 0.000010 0.000010 0.000010 0.470649
0.999950 0.000010 0.000010 0.000010 0.000010 0.000010
0.999950 0.000010 0.000010 0.000010 0.000010 0.000010
0.302133 0.000010 0.000010 0.000010 0.292406 0.405431
0.273154 0.000010 0.000010 0.000010 0.000010 0.726806
0.166106 0.000010 0.000010 0.000010 0.128489 0.705375
0.000010 0.000010 0.000010 0.000010 0.999950 0.000010
0.027080 0.206465 0.000010 0.000010 0.000010 0.766424
0.230638 0.192436 0.000010 0.000010 0.000010 0.576896
0.358970 0.000010 0.000010 0.000010 0.000010 0.640990
0.388774 0.388568 0.000010 0.000010 0.000010 0.222627
0.103133 0.000010 0.000010 0.417305 0.111586 0.367957
0.914985 0.000010 0.000010 0.000010 0.000010 0.084975
0.000010 0.000010 0.000010 0.088959 0.911001 0.000010
0.000010 0.185070 0.000020 0.000010 0.000010 0.814881
0.000010 0.000010 0.000010 0.413727 0.000010 0.586233
0.517835 0.340024 0.000010 0.000010 0.000010 0.142110
0.692435 0.000010 0.000010 0.102871 0.000010 0.204664
0.095581 0.000010 0.000010 0.279907 0.000010 0.624482
0.483270 0.000010 0.000010 0.000010 0.000010 0.516690
0.517416 0.135594 0.000010 0.000010 0.000010 0.346961
0.415296 0.000010 0.000010 0.164413 0.000010 0.420261
0.129500 0.279719 0.000010 0.000010 0.000010 0.590751
0.692187 0.000010 0.000010 0.000010 0.000010 0.307773
0.170949 0.000010 0.000010 0.000010 0.000010 0.829011
0.184843 0.000010 0.000010 0.000010 0.000010 0.815117
0.000010 0.000010 0.000010 0.000010 0.999950 0.000010
0.048548 0.221252 0.000010 0.000010 0.000010 0.730170
0.252021 0.383647 0.000010 0.000010 0.000010 0.364302
0.000010 0.543633 0.000010 0.000010 0.000010 0.456327
0.000010 0.196320 0.000010 0.000010 0.000010 0.803640
0.671288 0.000010 0.000010 0.000010 0.000010 0.328672
0.332159 0.000010 0.000010 0.000010 0.000010 0.667801
0.196398 0.000010 0.000010 0.128194 0.561536 0.113852
0.000010 0.000010 0.000010 0.373560 0.000010 0.626400
0.306667 0.693293 0.000010 0.000010 0.000010 0.000010
0.371216 0.315833 0.000010 0.000010 0.000010 0.312921
0.000010 0.102338 0.000010 0.230052 0.000010 0.667580
0.000010 0.000010 0.000010 0.000010 0.999950 0.000010
0.000010 0.000010 0.000010 0.000010 0.999950 0.000010
0.000010 0.000010 0.000010 0.000010 0.999950 0.000010
0.212357 0.394394 0.000010 0.000010 0.000010 0.393219
0.162191 0.000010 0.000010 0.000010 0.000010 0.837769
0.082818 0.000010 0.000010 0.000010 0.034372 0.882781
0.161371 0.000010 0.000010 0.000010 0.000010 0.838589
0.131718 0.664811 0.035375 0.000010 0.168076 0.000010
0.296184 0.607344 0.000010 0.000010 0.000010 0.096442
0.269079 0.000010 0.000010 0.042254 0.000010 0.688637
0.135373 0.000010 0.000010 0.000010 0.129703 0.734894
0.180933 0.000010 0.000010 0.000010 0.064113 0.754924
0.208214 0.000010 0.000010 0.000010 0.076912 0.714844
0.176827 0.000010 0.391803 0.000010 0.021091 0.410259
0.112640 0.000010 0.000010 0.000010 0.887320 0.000010
0.322464 0.394553 0.000010 0.000010 0.000010 0.282952
0.079294 0.252727 0.000010 0.000010 0.015232 0.652727
0.293550 0.000010 0.000010 0.000010 0.022757 0.683664
0.048673 0.093534 0.064174 0.024934 0.605899 0.162786
0.000010 0.343416 0.000010 0.222996 0.000010 0.433557
0.790730 0.000010 0.000010 0.000010 0.000010 0.209230
0.126407 0.135510 0.078616 0.000010 0.494781 0.164676
0.201611 0.000010 0.000010 0.000010 0.071991 0.726369
0.212268 0.294462 0.000010 0.000010 0.315619 0.177630
0.030491 0.000010 0.000010 0.000010 0.040022 0.929457
0.322007 0.000010 0.000010 0.000010 0.000010 0.677953
0.059729 0.395578 0.000010 0.000010 0.544663 0.000010
0.467974 0.212447 0.000010 0.000010 0.037280 0.282279
0.000010 0.166542 0.000010 0.000010 0.000010 0.833418
0.175831 0.046959 0.000010 0.249186 0.000010 0.528004
0.149261 0.000010 0.000010 0.000010 0.080681 0.770028
0.280509 0.000010 0.000010 0.000010 0.000010 0.719451
0.294033 0.000010 0.000010 0.000010 0.000010 0.705927
0.163368 0.066712 0.000010 0.230550 0.000010 0.539350
0.163410 0.066614 0.000010 0.230312 0.000010 0.539644
0.219984 0.000010 0.000010 0.000010 0.096610 0.683377
0.117405 0.000010 0.000010 0.000010 0.183381 0.699185
0.156101 0.365594 0.000010 0.000010 0.000010 0.478275
0.345571 0.000010 0.000010 0.000010 0.221840 0.432560
0.112017 0.000010 0.344323 0.055108 0.000010 0.488533
0.404786 0.000010 0.021043 0.106835 0.000010 0.467317
0.000010 0.999950 0.000010 0.000010 0.000010 0.000010
0.253767 0.284660 0.000010 0.152042 0.000010 0.309512
0.999950 0.000010 0.000010 0.000010 0.000010 0.000010
0.230251 0.198367 0.009957 0.000010 0.000010 0.561404
0.126148 0.000010 0.213659 0.000010 0.099500 0.560673
0.434010 0.073610 0.000010 0.000010 0.053620 0.438741
0.407780 0.066731 0.000010 0.000010 0.050697 0.474772
0.395117 0.071872 0.000010 0.000010 0.052343 0.480648
0.167028 0.000010 0.000010 0.430904 0.199633 0.202415
0.000010 0.454964 0.000010 0.000010 0.177802 0.367204
0.000010 0.000010 0.000010 0.000010 0.999950 0.000010
0.265632 0.000010 0.000010 0.097901 0.000010 0.636437
0.163353 0.000010 0.000010 0.000010 0.836607 0.000010
0.133735 0.000010 0.000010 0.000010 0.866225 0.000010
0.142231 0.000010 0.320176 0.000010 0.000010 0.537563
0.000010 0.000010 0.000010 0.000010 0.999950 0.000010
0.893514 0.000010 0.047609 0.000010 0.000010 0.058847
0.343505 0.165226 0.491239 0.000010 0.000010 0.000010
0.773014 0.000010 0.000010 0.000010 0.226946 0.000010
