0.492675 0.000010 0.031440 0.000010 0.385496 0.000010 0.090339 0.000010 0.000010
0.000010 0.000010 0.000010 0.000010 0.552750 0.000010 0.447180 0.000010 0.000010
0.000010 0.000010 0.000010 0.000010 0.528331 0.000010 0.471599 0.000010 0.000010
0.000010 0.000010 0.000010 0.000010 0.999920 0.000010 0.000010 0.000010 0.000010
0.000010 0.858686 0.056774 0.000010 0.084480 0.000010 0.000010 0.000010 0.000010
0.000010 0.000010 0.000010 0.261214 0.658054 0.000010 0.080672 0.000010 0.000010
0.303396 0.000010 0.000010 0.000010 0.662431 0.000010 0.000010 0.034113 0.000010
0.145182 0.000010 0.000010 0.000010 0.854748 0.000010 0.000010 0.000010 0.000010
0.000010 0.513949 0.000010 0.000010 0.466683 0.000010 0.019307 0.000010 0.000010
0.760679 0.000010 0.143824 0.000718 0.000010 0.000010 0.000010 0.000010 0.094729
0.203029 0.000010 0.050763 0.012668 0.000010 0.000010 0.733490 0.000010 0.000010
0.000010 0.000010 0.000010 0.000010 0.999920 0.000010 0.000010 0.000010 0.000010
0.000010 0.000010 0.000010 0.000010 0.978470 0.000010 0.021460 0.000010 0.000010
0.000010 0.000010 0.000010 0.023414 0.976516 0.000010 0.000010 0.000010 0.000010
0.145255 0.000010 0.137480 0.063462 0.241599 0.040168 0.372005 0.000010 0.000010
0.000010 0.044232 0.000010 0.503201 0.452507 0.000010 0.000010 0.000010 0.000010
0.693517 0.000010 0.000010 0.000010 0.000010 0.046878 0.259545 0.000010 0.000010
0.000010 0.487061 0.000010 0.000010 0.449582 0.000010 0.063297 0.000010 0.000010
0.160927 0.000010 0.000010 0.396340 0.392133 0.050549 0.000010 0.000010 0.000010
0.000010 0.000010 0.000010 0.000010 0.534250 0.000010 0.000010 0.000010 0.465680
0.260397 0.150358 0.138804 0.056588 0.382346 0.011478 0.000010 0.000010 0.000010
0.000010 0.000010 0.000010 0.000010 0.999920 0.000010 0.000010 0.000010 0.000010
0.157113 0.000010 0.000010 0.392116 0.294465 0.000010 0.100817 0.055449 0.000010
0.000010 0.000010 0.368279 0.000010 0.000010 0.000010 0.631651 0.000010 0.000010
0.000010 0.000010 0.000010 0.000010 0.712968 0.000010 0.286962 0.000010 0.000010
0.000010 0.000010 0.000010 0.024113 0.975817 0.000010 0.000010 0.000010 0.000010
0.000010 0.000010 0.000010 0.000010 0.897212 0.017165 0.000010 0.000010 0.085563
0.000010 0.000010 0.000010 0.604398 0.395532 0.000010 0.000010 0.000010 0.000010
0.000010 0.038728 0.200665 0.000010 0.760547 0.000010 0.000010 0.000010 0.000010
0.012867 0.000010 0.000010 0.000010 0.987063 0.000010 0.000010 0.000010 0.000010
0.029376 0.000010 0.044328 0.000010 0.926236 0.000010 0.000010 0.000010 0.000010
0.000010 0.000010 0.000010 0.000010 0.999920 0.000010 0.000010 0.000010 0.000010
0.169911 0.000010 0.000010 0.195229 0.159582 0.000010 0.414707 0.000010 0.060531
0.000010 0.000010 0.001331 0.151230 0.306761 0.000010 0.540627 0.000010 0.000010
0.045771 0.000010 0.000010 0.000010 0.954159 0.000010 0.000010 0.000010 0.000010
0.000010 0.000010 0.000010 0.000010 0.999920 0.000010 0.000010 0.000010 0.000010
0.034827 0.089229 0.000010 0.439835 0.261718 0.051739 0.000010 0.044028 0.078603
0.080373 0.000010 0.000010 0.000010 0.919557 0.000010 0.000010 0.000010 0.000010
0.000010 0.000010 0.000010 0.000010 0.999920 0.000010 0.000010 0.000010 0.000010
0.000010 0.000010 0.000010 0.000010 0.982740 0.017190 0.000010 0.000010 0.000010
0.076932 0.000010 0.000010 0.185280 0.000010 0.000010 0.000010 0.000010 0.737728
0.000010 0.000010 0.000010 0.000010 0.957074 0.000010 0.000010 0.042856 0.000010
0.000010 0.000010 0.067405 0.000010 0.784305 0.047471 0.100769 0.000010 0.000010
0.000010 0.000010 0.000010 0.000010 0.999920 0.000010 0.000010 0.000010 0.000010
0.098582 0.000010 0.000010 0.000010 0.418670 0.000010 0.482689 0.000010 0.000010
0.000010 0.000010 0.000010 0.000010 0.999920 0.000010 0.000010 0.000010 0.000010
0.000010 0.000010 0.000010 0.705653 0.294277 0.000010 0.000010 0.000010 0.000010
0.000010 0.000010 0.000010 0.000010 0.816494 0.000010 0.183436 0.000010 0.000010
0.662771 0.000010 0.000010 0.000010 0.046037 0.023723 0.267419 0.000010 0.000010
0.061353 0.000010 0.114942 0.000010 0.823644 0.000010 0.000010 0.000010 0.000010
0.000010 0.088336 0.000010 0.094340 0.011315 0.000010 0.646078 0.159891 0.000010
0.702756 0.183763 0.000010 0.000010 0.000010 0.000010 0.058637 0.054793 0.000010
0.000010 0.000010 0.000010 0.000010 0.612317 0.000010 0.000010 0.000010 0.387613
0.000010 0.000010 0.000010 0.000010 0.999920 0.000010 0.000010 0.000010 0.000010
0.000010 0.000010 0.000010 0.000010 0.999920 0.000010 0.000010 0.000010 0.000010
0.357179 0.000010 0.000010 0.000010 0.594686 0.048075 0.000010 0.000010 0.000010
0.000010 0.000010 0.094940 0.659170 0.076160 0.000010 0.169680 0.000010 0.000010
0.067603 0.000010 0.000010 0.721371 0.071470 0.000010 0.070978 0.068537 0.000010
0.115376 0.000010 0.000010 0.000010 0.884554 0.000010 0.000010 0.000010 0.000010
0.204724 0.000010 0.000010 0.405806 0.156635 0.000010 0.087157 0.045027 0.100621
0.092745 0.000010 0.398888 0.454600 0.022252 0.031476 0.000010 0.000010 0.000010
0.632524 0.000010 0.000010 0.032179 0.258067 0.000010 0.000010 0.039220 0.037970
0.103183 0.000010 0.000010 0.000010 0.859200 0.000010 0.037558 0.000010 0.000010
0.000010 0.000010 0.000010 0.000010 0.710206 0.000010 0.000010 0.000010 0.289724
0.000010 0.000010 0.000010 0.000010 0.151698 0.000010 0.073441 0.000010 0.774802
0.000010 0.000010 0.220671 0.121014 0.085221 0.000010 0.534818 0.038236 0.000010
0.773268 0.000010 0.000010 0.000010 0.000010 0.000010 0.226662 0.000010 0.000010
0.315645 0.000010 0.000010 0.262171 0.000010 0.000010 0.422124 0.000010 0.000010
0.000010 0.000010 0.670323 0.000010 0.000010 0.000010 0.000010 0.000010 0.329607
0.000010 0.000010 0.000010 0.000010 0.000010 0.000010 0.000010 0.000010 0.999920
0.312166 0.000010 0.029114 0.206126 0.111800 0.148883 0.000010 0.191881 0.000010
0.035790 0.000010 0.000010 0.000010 0.449104 0.000010 0.515046 0.000010 0.000010
0.509962 0.099770 0.000010 0.077237 0.223023 0.000010 0.089969 0.000010 0.000010
0.000010 0.000010 0.000010 0.121098 0.862838 0.000010 0.000010 0.016004 0.000010
0.517268 0.000010 0.000010 0.000010 0.482662 0.000010 0.000010 0.000010 0.000010
0.000010 0.000010 0.108668 0.000010 0.000010 0.037547 0.021463 0.000010 0.832272
0.000010 0.000010 0.007890 0.000010 0.965588 0.026463 0.000010 0.000010 0.000010
0.236708 0.000010 0.666637 0.000010 0.096595 0.000010 0.000010 0.000010 0.000010
0.131053 0.000010 0.000010 0.132519 0.000010 0.000010 0.569864 0.001544 0.164980
0.600637 0.000010 0.218125 0.000010 0.025942 0.000010 0.065028 0.000010 0.090229
0.000010 0.242165 0.000010 0.000010 0.000010 0.000010 0.000010 0.000010 0.757765
0.000010 0.000010 0.068034 0.060531 0.574989 0.059874 0.236532 0.000010 0.000010
0.000010 0.000010 0.595100 0.009645 0.000010 0.325562 0.069643 0.000010 0.000010
0.003821 0.075057 0.121171 0.181335 0.091374 0.000010 0.000010 0.000010 0.527210
0.127752 0.000010 0.000010 0.000010 0.053743 0.000010 0.818446 0.000010 0.000010
0.000010 0.199221 0.000010 0.000010 0.504993 0.000010 0.203838 0.000010 0.091898
0.000010 0.000010 0.766081 0.152395 0.000010 0.000010 0.000010 0.000010 0.081465
0.063351 0.000010 0.346447 0.120956 0.207427 0.207983 0.000010 0.000010 0.053807
0.000010 0.000010 0.000010 0.675285 0.000010 0.000010 0.000010 0.000010 0.324645
0.000010 0.000010 0.111119 0.000010 0.791722 0.097099 0.000010 0.000010 0.000010
0.000010 0.000010 0.155318 0.000010 0.000010 0.000010 0.000010 0.000010 0.844612
0.000010 0.000010 0.005043 0.510080 0.000010 0.000010 0.000010 0.024613 0.460215
0.000010 0.000010 0.000010 0.211882 0.313404 0.039090 0.435574 0.000010 0.000010
0.829991 0.063388 0.000010 0.000010 0.087359 0.000010 0.005942 0.013281 0.000010
0.000010 0.000010 0.000010 0.000010 0.264991 0.022442 0.474223 0.000010 0.238295
0.000010 0.000010 0.000010 0.020144 0.195933 0.000010 0.783863 0.000010 0.000010
0.174997 0.232826 0.000010 0.183642 0.257261 0.000010 0.135953 0.015290 0.000010
0.999920 0.000010 0.000010 0.000010 0.000010 0.000010 0.000010 0.000010 0.000010
0.000010 0.000010 0.000010 0.000010 0.079796 0.000010 0.000010 0.000010 0.920134
0.000010 0.000010 0.000010 0.000010 0.888110 0.000010 0.111820 0.000010 0.000010
0.078425 0.232004 0.640976 0.000010 0.000010 0.048545 0.000010 0.000010 0.000010
0.109679 0.035190 0.241484 0.000010 0.017576 0.000010 0.081069 0.016256 0.498726
0.070348 0.000010 0.000010 0.000010 0.929582 0.000010 0.000010 0.000010 0.000010
0.000010 0.236464 0.000010 0.000010 0.000010 0.000010 0.000010 0.000010 0.763466
0.000010 0.062846 0.000010 0.602689 0.140248 0.000010 0.194167 0.000010 0.000010
0.074251 0.314545 0.000010 0.135735 0.295519 0.000010 0.179911 0.000010 0.000010
0.000010 0.000010 0.066059 0.000010 0.486215 0.000010 0.447665 0.000010 0.000010
0.413465 0.000010 0.000010 0.000010 0.245553 0.000010 0.340922 0.000010 0.000010
0.038758 0.239394 0.000010 0.182000 0.383043 0.000010 0.156765 0.000010 0.000010
0.000010 0.000010 0.000010 0.000010 0.933570 0.000010 0.066360 0.000010 0.000010
0.557643 0.000010 0.000010 0.000010 0.000010 0.039935 0.402361 0.000010 0.000010
0.000010 0.173351 0.087857 0.000010 0.259343 0.000010 0.479399 0.000010 0.000010
0.000010 0.000010 0.263112 0.347963 0.315492 0.000010 0.073383 0.000010 0.000010
0.303470 0.000010 0.000010 0.000010 0.169838 0.000010 0.526632 0.000010 0.000010
0.000010 0.000010 0.589712 0.000010 0.000010 0.000010 0.000010 0.000010 0.410218
0.999920 0.000010 0.000010 0.000010 0.000010 0.000010 0.000010 0.000010 0.000010
0.677122 0.000010 0.000010 0.000010 0.101349 0.000010 0.221469 0.000010 0.000010
0.756429 0.000010 0.000010 0.011063 0.000010 0.000010 0.232448 0.000010 0.000010
0.652139 0.347791 0.000010 0.000010 0.000010 0.000010 0.000010 0.000010 0.000010
0.000010 0.000010 0.000010 0.085347 0.633330 0.000010 0.172671 0.000010 0.108602
0.025253 0.000010 0.000010 0.168217 0.260468 0.000010 0.546012 0.000010 0.000010
0.000010 0.000010 0.000010 0.513411 0.486519 0.000010 0.000010 0.000010 0.000010
0.395521 0.000010 0.038880 0.000010 0.000010 0.000010 0.188177 0.000010 0.377372
0.394111 0.402663 0.126242 0.000010 0.037865 0.039079 0.000010 0.000010 0.000010
0.684608 0.029423 0.000010 0.208746 0.077174 0.000010 0.000010 0.000010 0.000010
0.141992 0.000010 0.000010 0.000010 0.000010 0.000010 0.000010 0.000010 0.857938
0.445155 0.000010 0.000010 0.216408 0.000010 0.000010 0.338378 0.000010 0.000010
0.000010 0.000010 0.203818 0.000010 0.371395 0.000010 0.424727 0.000010 0.000010
0.000010 0.000010 0.000010 0.000010 0.173547 0.000010 0.826383 0.000010 0.000010
0.000010 0.000010 0.000010 0.000010 0.237037 0.000010 0.762893 0.000010 0.000010
0.000010 0.000010 0.502888 0.000010 0.181016 0.000010 0.316036 0.000010 0.000010
0.000010 0.222306 0.000010 0.000010 0.495488 0.000010 0.282146 0.000010 0.000010
0.000010 0.000010 0.000010 0.910348 0.000010 0.000010 0.089582 0.000010 0.000010
0.026064 0.532742 0.000010 0.000010 0.381404 0.000010 0.059740 0.000010 0.000010
0.282689 0.000010 0.000010 0.445862 0.000010 0.000010 0.208917 0.062482 0.000010
0.058068 0.259018 0.000010 0.000010 0.301486 0.000010 0.192896 0.000010 0.188493
0.967048 0.000010 0.000010 0.000010 0.022758 0.000010 0.010134 0.000010 0.000010
0.742042 0.000010 0.024589 0.000010 0.000010 0.089127 0.144192 0.000010 0.000010
0.000010 0.000010 0.000010 0.909705 0.000817 0.000010 0.089417 0.000010 0.000010
0.100217 0.041056 0.000010 0.136171 0.229659 0.000010 0.241618 0.041623 0.209635
0.000010 0.000010 0.000010 0.000010 0.999920 0.000010 0.000010 0.000010 0.000010
0.000010 0.000010 0.454116 0.000010 0.545814 0.000010 0.000010 0.000010 0.000010
0.000010 0.113463 0.682969 0.000010 0.127014 0.000010 0.004812 0.000010 0.071701
0.267672 0.000010 0.000010 0.424844 0.107314 0.000010 0.200120 0.000010 0.000010
0.000010 0.377231 0.074784 0.000010 0.118605 0.016646 0.095494 0.000010 0.317210
0.189594 0.229382 0.000010 0.000010 0.000010 0.000010 0.000010 0.059757 0.521217
0.506305 0.000010 0.000010 0.446883 0.000010 0.000010 0.046752 0.000010 0.000010
0.752739 0.247191 0.000010 0.000010 0.000010 0.000010 0.000010 0.000010 0.000010
0.000010 0.000010 0.000010 0.430357 0.569573 0.000010 0.000010 0.000010 0.000010
0.000010 0.000010 0.000010 0.003315 0.996615 0.000010 0.000010 0.000010 0.000010
0.148708 0.000010 0.000010 0.000010 0.851222 0.000010 0.000010 0.000010 0.000010
0.027145 0.000010 0.000010 0.144427 0.210746 0.038147 0.579495 0.000010 0.000010
0.000010 0.000010 0.000010 0.000010 0.999920 0.000010 0.000010 0.000010 0.000010
0.000010 0.000010 0.000010 0.000010 0.964128 0.000010 0.000010 0.000010 0.035802
0.000010 0.000010 0.000010 0.000010 0.799228 0.000010 0.000010 0.000010 0.200702
0.000010 0.000010 0.000010 0.000010 0.999920 0.000010 0.000010 0.000010 0.000010
0.208721 0.000010 0.670203 0.121016 0.000010 0.000010 0.000010 0.000010 0.000010
0.000010 0.000010 0.000010 0.000010 0.344058 0.000010 0.000010 0.000010 0.655872
0.000010 0.000010 0.000010 0.031399 0.288443 0.000010 0.000010 0.023240 0.656868
0.000010 0.128408 0.000010 0.047723 0.151933 0.027926 0.643971 0.000010 0.000010
0.000010 0.000010 0.000012 0.000010 0.999918 0.000010 0.000010 0.000010 0.000010
0.054181 0.591421 0.000010 0.118162 0.236186 0.000010 0.000010 0.000010 0.000010
0.046775 0.379312 0.000010 0.000010 0.136332 0.000010 0.389033 0.048509 0.000010
0.000010 0.000010 0.000010 0.000010 0.999920 0.000010 0.000010 0.000010 0.000010
0.000010 0.584079 0.000010 0.000010 0.049431 0.000010 0.366430 0.000010 0.000010
0.174487 0.000010 0.000010 0.000010 0.202176 0.000010 0.623277 0.000010 0.000010
0.182898 0.000010 0.000010 0.516014 0.157347 0.000010 0.000010 0.143691 0.000010
0.000010 0.011516 0.060396 0.003047 0.756413 0.000010 0.168588 0.000010 0.000010
0.000010 0.000010 0.000010 0.157104 0.842826 0.000010 0.000010 0.000010 0.000010
0.000010 0.577817 0.070283 0.047438 0.000010 0.000010 0.000010 0.000010 0.304413
0.000010 0.000010 0.000010 0.000010 0.682450 0.130180 0.187310 0.000010 0.000010
0.097601 0.000010 0.000010 0.152605 0.265909 0.000010 0.483835 0.000010 0.000010
0.681308 0.000010 0.000010 0.000010 0.022077 0.000010 0.296555 0.000010 0.000010
0.202255 0.000010 0.000010 0.000010 0.797675 0.000010 0.000010 0.000010 0.000010
0.000010 0.158663 0.000010 0.313909 0.000010 0.000010 0.000010 0.000010 0.527367
0.000010 0.000010 0.000010 0.000010 0.243724 0.000010 0.239611 0.000010 0.516605
0.000010 0.275025 0.169362 0.000010 0.016253 0.000010 0.438083 0.000010 0.101237
0.556534 0.000010 0.000010 0.207882 0.204362 0.018404 0.000010 0.012776 0.000010
0.002401 0.000010 0.000010 0.065257 0.000010 0.000010 0.103766 0.306708 0.521828
0.000010 0.373414 0.000010 0.000010 0.000010 0.000010 0.583872 0.042654 0.000010
0.000010 0.000010 0.000010 0.000010 0.892153 0.000010 0.107777 0.000010 0.000010
0.000010 0.000010 0.000010 0.000010 0.999920 0.000010 0.000010 0.000010 0.000010
0.999920 0.000010 0.000010 0.000010 0.000010 0.000010 0.000010 0.000010 0.000010
0.000010 0.203351 0.000010 0.000010 0.000010 0.000010 0.000010 0.000010 0.796579
0.210414 0.000010 0.664425 0.125101 0.000010 0.000010 0.000010 0.000010 0.000010
0.328133 0.000010 0.000010 0.469326 0.000010 0.000010 0.037318 0.057808 0.107375
0.000010 0.000010 0.000010 0.000010 0.338537 0.000010 0.661393 0.000010 0.000010
0.000010 0.061979 0.000010 0.000010 0.937951 0.000010 0.000010 0.000010 0.000010
0.000010 0.000010 0.000010 0.000010 0.282863 0.000010 0.717067 0.000010 0.000010
0.000010 0.000010 0.000010 0.000010 0.000010 0.000010 0.000010 0.000010 0.999920
0.003167 0.000010 0.000010 0.214798 0.527762 0.000010 0.254222 0.000010 0.000010
0.000010 0.000010 0.000010 0.000010 0.247378 0.000010 0.752552 0.000010 0.000010
0.000010 0.000010 0.000010 0.000010 0.328686 0.000010 0.000010 0.000010 0.671244
0.960239 0.000010 0.000010 0.000010 0.039691 0.000010 0.000010 0.000010 0.000010
0.136151 0.000010 0.000010 0.528422 0.058624 0.000010 0.127099 0.000010 0.149664
0.139575 0.000010 0.000010 0.096655 0.287097 0.000010 0.476622 0.000010 0.000010
0.000010 0.000010 0.000010 0.000010 0.821600 0.000010 0.178330 0.000010 0.000010
0.000010 0.000010 0.000010 0.000010 0.230561 0.000010 0.094891 0.000010 0.674488
0.000010 0.000010 0.000010 0.074089 0.925841 0.000010 0.000010 0.000010 0.000010
0.000010 0.303029 0.000010 0.000010 0.000010 0.000010 0.000010 0.000010 0.696901
0.000010 0.498397 0.000010 0.000010 0.501533 0.000010 0.000010 0.000010 0.000010
0.000010 0.012997 0.000010 0.000010 0.242021 0.148666 0.000010 0.006021 0.590255
0.000010 0.000010 0.095028 0.000010 0.904897 0.000015 0.000010 0.000010 0.000010
0.000010 0.412764 0.000010 0.000010 0.587166 0.000010 0.000010 0.000010 0.000010
0.000010 0.052834 0.000010 0.616664 0.038279 0.010809 0.281374 0.000010 0.000010
0.000010 0.230248 0.000010 0.000010 0.000010 0.000010 0.000010 0.000010 0.769682
0.641810 0.000010 0.135644 0.000010 0.000010 0.023525 0.198972 0.000010 0.000010
0.000010 0.361745 0.363347 0.000010 0.026643 0.000010 0.000010 0.000010 0.248214
0.078434 0.000010 0.000010 0.470901 0.203720 0.000010 0.044868 0.000010 0.202037
0.138697 0.000010 0.000010 0.000010 0.000010 0.000010 0.000010 0.000010 0.861233
0.179738 0.000010 0.619913 0.160441 0.039858 0.000010 0.000010 0.000010 0.000010
0.732528 0.267402 0.000010 0.000010 0.000010 0.000010 0.000010 0.000010 0.000010
0.000010 0.000010 0.000010 0.858920 0.000010 0.000010 0.141010 0.000010 0.000010
0.000010 0.000010 0.000010 0.000010 0.999920 0.000010 0.000010 0.000010 0.000010
0.000010 0.000010 0.000010 0.134061 0.179198 0.046790 0.285275 0.000010 0.354636
0.000010 0.530659 0.109317 0.000010 0.051419 0.000010 0.195040 0.000010 0.113525
0.000010 0.089147 0.838381 0.000010 0.000010 0.021469 0.000010 0.000010 0.050954
0.000010 0.000010 0.000010 0.000010 0.674928 0.000010 0.000010 0.000010 0.325002
0.000010 0.000010 0.000010 0.169784 0.828316 0.001840 0.000010 0.000010 0.000010
0.000010 0.422364 0.037476 0.000010 0.385964 0.000010 0.154146 0.000010 0.000010
0.000010 0.029148 0.090377 0.251072 0.000010 0.000010 0.545669 0.000010 0.083694
0.944349 0.000010 0.000010 0.000010 0.000010 0.000010 0.055581 0.000010 0.000010
0.000010 0.000010 0.000010 0.000010 0.000010 0.000010 0.000010 0.000010 0.999920
0.743777 0.000010 0.022606 0.000010 0.000010 0.000010 0.233557 0.000010 0.000010
0.000010 0.133999 0.000010 0.216490 0.251200 0.000010 0.191008 0.000010 0.207263
0.000010 0.514575 0.000010 0.000010 0.043361 0.000010 0.000010 0.000010 0.442004
0.000010 0.000010 0.000010 0.000010 0.000010 0.000010 0.999920 0.000010 0.000010
0.000010 0.000010 0.000010 0.447924 0.552006 0.000010 0.000010 0.000010 0.000010
0.000010 0.000010 0.000010 0.000010 0.272877 0.000010 0.000010 0.000010 0.727053
0.114731 0.000010 0.000010 0.402243 0.000010 0.000010 0.000010 0.000010 0.482966
0.090371 0.000010 0.000010 0.000010 0.000010 0.000010 0.000010 0.000010 0.909559
0.218982 0.000010 0.000010 0.000010 0.760714 0.000010 0.020244 0.000010 0.000010
0.000010 0.000010 0.283358 0.000010 0.000010 0.000010 0.000010 0.000010 0.716572
0.000010 0.000010 0.000010 0.000010 0.927247 0.000010 0.072683 0.000010 0.000010
0.000010 0.000010 0.000010 0.000010 0.000010 0.000010 0.999920 0.000010 0.000010
0.000010 0.101507 0.442103 0.000010 0.281920 0.000010 0.127676 0.000010 0.046753
0.000010 0.286160 0.110518 0.146522 0.151673 0.006271 0.237555 0.000010 0.061281
0.138626 0.011323 0.000010 0.114939 0.000010 0.000010 0.237604 0.000010 0.497468
0.000010 0.107227 0.892703 0.000010 0.000010 0.000010 0.000010 0.000010 0.000010
0.000010 0.229910 0.000010 0.000010 0.000010 0.000010 0.000010 0.000010 0.770020
0.000010 0.999920 0.000010 0.000010 0.000010 0.000010 0.000010 0.000010 0.000010
0.000010 0.198727 0.124921 0.000010 0.173290 0.000010 0.000010 0.000010 0.503012
0.000010 0.000010 0.438486 0.000010 0.561444 0.000010 0.000010 0.000010 0.000010
0.052719 0.083156 0.000010 0.145343 0.137162 0.000010 0.581579 0.000010 0.000010
0.000010 0.088899 0.712543 0.044856 0.153652 0.000010 0.000010 0.000010 0.000010
0.000010 0.000010 0.000010 0.000010 0.701866 0.000010 0.100445 0.000010 0.197628
0.000010 0.000010 0.000010 0.461805 0.000010 0.005086 0.207801 0.000010 0.325258
0.000010 0.000010 0.000010 0.000010 0.918910 0.047679 0.033351 0.000010 0.000010
0.711947 0.000010 0.186457 0.000010 0.000010 0.000010 0.101536 0.000010 0.000010
0.000010 0.000010 0.990994 0.000010 0.000010 0.008936 0.000010 0.000010 0.000010
0.000010 0.506948 0.000010 0.000010 0.037165 0.000010 0.000010 0.000010 0.455828
0.000010 0.000010 0.000010 0.000010 0.983132 0.016798 0.000010 0.000010 0.000010
0.000010 0.000010 0.819559 0.000010 0.180371 0.000010 0.000010 0.000010 0.000010
0.000010 0.000010 0.000010 0.000010 0.346744 0.000010 0.000010 0.000010 0.653186
0.000010 0.300110 0.615848 0.000010 0.083983 0.000010 0.000010 0.000010 0.000010
0.345465 0.539099 0.115376 0.000010 0.000010 0.000010 0.000010 0.000010 0.000010
0.000010 0.557308 0.000010 0.000010 0.246699 0.000010 0.000010 0.000010 0.195933
0.117161 0.000010 0.000010 0.500982 0.027966 0.000010 0.166881 0.000010 0.186970
0.068834 0.112808 0.000010 0.154859 0.274182 0.000010 0.389276 0.000010 0.000010
0.032914 0.000010 0.000010 0.000010 0.821874 0.051657 0.093505 0.000010 0.000010
0.000010 0.152737 0.311568 0.000010 0.000010 0.000010 0.000010 0.000010 0.535635
0.000010 0.000010 0.000010 0.000010 0.274892 0.000010 0.000010 0.000010 0.725038
0.000010 0.318976 0.000010 0.000010 0.485726 0.000010 0.195238 0.000010 0.000010
0.317987 0.000010 0.000010 0.000010 0.161441 0.000010 0.520512 0.000010 0.000010
0.000010 0.000010 0.999920 0.000010 0.000010 0.000010 0.000010 0.000010 0.000010
0.000010 0.209709 0.000010 0.000010 0.000010 0.000010 0.000010 0.000010 0.790221
0.000010 0.234978 0.000010 0.552115 0.131925 0.000010 0.080932 0.000010 0.000010
0.000010 0.000010 0.610042 0.000010 0.000010 0.000010 0.000010 0.000010 0.389888
0.205207 0.000010 0.000010 0.000010 0.250845 0.000010 0.543888 0.000010 0.000010
0.053221 0.463361 0.451387 0.000010 0.031981 0.000010 0.000010 0.000010 0.000010
0.000010 0.999920 0.000010 0.000010 0.000010 0.000010 0.000010 0.000010 0.000010
0.000010 0.000010 0.053591 0.369068 0.173394 0.000010 0.254646 0.000010 0.149260
0.000010 0.000010 0.000010 0.110150 0.889780 0.000010 0.000010 0.000010 0.000010
0.034448 0.000010 0.000010 0.577067 0.000010 0.000010 0.000010 0.109147 0.279289
0.000010 0.999920 0.000010 0.000010 0.000010 0.000010 0.000010 0.000010 0.000010
0.000010 0.000010 0.000010 0.000010 0.153946 0.000010 0.533210 0.000010 0.312783
0.000010 0.000010 0.000010 0.000010 0.000010 0.000010 0.000010 0.000010 0.999920
0.000010 0.000010 0.000010 0.070268 0.148704 0.000010 0.166978 0.000010 0.613999
0.000010 0.000010 0.000010 0.096278 0.715901 0.000010 0.187761 0.000010 0.000010
0.000010 0.000010 0.013223 0.340902 0.000010 0.120234 0.353510 0.000010 0.172091
0.325674 0.000010 0.000010 0.350437 0.000010 0.000010 0.323829 0.000010 0.000010
0.043440 0.000010 0.024563 0.511093 0.000019 0.000010 0.345699 0.000010 0.075157
0.211739 0.000010 0.664307 0.123894 0.000010 0.000010 0.000010 0.000010 0.000010
0.000010 0.000010 0.000010 0.000010 0.795907 0.019544 0.000010 0.000010 0.184489
0.079576 0.000010 0.496390 0.000010 0.363927 0.060056 0.000010 0.000010 0.000010
0.043147 0.000010 0.000010 0.000010 0.285403 0.104014 0.239333 0.328062 0.000010
0.000010 0.131979 0.000010 0.000010 0.232530 0.510441 0.069754 0.055256 0.000010
0.000010 0.550123 0.000010 0.000010 0.358948 0.000010 0.090869 0.000010 0.000010
0.000010 0.495859 0.000010 0.000010 0.388710 0.000010 0.115371 0.000010 0.000010
0.000010 0.000010 0.000010 0.000010 0.138891 0.115017 0.000010 0.014151 0.731891
0.000010 0.189749 0.000010 0.000010 0.810181 0.000010 0.000010 0.000010 0.000010
0.000010 0.000010 0.000010 0.000010 0.154059 0.385160 0.000010 0.000010 0.460720
0.349418 0.000010 0.000010 0.000010 0.076723 0.064196 0.000010 0.509613 0.000010
0.000010 0.000011 0.351754 0.006805 0.268526 0.300622 0.000010 0.072252 0.000010
0.233093 0.028570 0.000010 0.000010 0.338339 0.089356 0.000010 0.310603 0.000010
0.000010 0.000010 0.000010 0.000010 0.864110 0.000010 0.057147 0.000010 0.078684
0.000010 0.478700 0.000010 0.301549 0.219690 0.000010 0.000010 0.000010 0.000010
0.106067 0.000010 0.000010 0.100035 0.147762 0.188876 0.000010 0.457220 0.000010
0.104462 0.000010 0.000010 0.099925 0.146287 0.190571 0.000010 0.458716 0.000010
0.000010 0.376191 0.140618 0.000010 0.000010 0.000010 0.000010 0.173924 0.309217
0.000010 0.000010 0.808999 0.000010 0.000010 0.000010 0.000010 0.190931 0.000010
0.084684 0.148642 0.000010 0.000010 0.135318 0.065920 0.089976 0.475429 0.000010
0.000010 0.000010 0.000010 0.270785 0.021839 0.004838 0.000010 0.476731 0.225767
0.000010 0.000010 0.000010 0.128497 0.000010 0.000010 0.871433 0.000010 0.000010
0.306263 0.000010 0.000010 0.000010 0.214871 0.000010 0.000010 0.300282 0.178534
0.000010 0.000010 0.000010 0.433971 0.000010 0.000010 0.005301 0.560667 0.000010
0.000010 0.000010 0.545880 0.148427 0.000010 0.000010 0.000010 0.000010 0.305633
0.039886 0.000010 0.000010 0.047783 0.841372 0.000010 0.061246 0.009673 0.000010
0.097499 0.000010 0.000010 0.102028 0.151054 0.186369 0.000010 0.463010 0.000010
0.000010 0.000010 0.000010 0.000010 0.702162 0.000010 0.000010 0.000010 0.297768
0.000010 0.000010 0.000010 0.999920 0.000010 0.000010 0.000010 0.000010 0.000010
0.000010 0.000010 0.000010 0.999920 0.000010 0.000010 0.000010 0.000010 0.000010
0.121850 0.000010 0.000010 0.075915 0.029185 0.057486 0.373937 0.341597 0.000010
0.000010 0.000010 0.000010 0.151825 0.203845 0.291308 0.040447 0.157468 0.155077
0.000010 0.000010 0.080291 0.000010 0.435979 0.000010 0.000010 0.000010 0.483670
0.100774 0.000010 0.000010 0.102350 0.159402 0.192455 0.000010 0.444980 0.000010
0.000010 0.000010 0.000010 0.257632 0.191667 0.171523 0.000010 0.379128 0.000010
0.000010 0.000010 0.000010 0.592233 0.212083 0.000010 0.000010 0.148400 0.047233
0.085422 0.058928 0.116476 0.113450 0.074623 0.000010 0.000010 0.232291 0.318790
0.000010 0.000010 0.000010 0.000010 0.125208 0.644609 0.210041 0.000010 0.020093
0.065851 0.000010 0.003443 0.092479 0.000010 0.275443 0.000010 0.502689 0.060065
0.000010 0.000010 0.000010 0.295745 0.019816 0.000010 0.000010 0.505200 0.179189
0.000010 0.000010 0.000010 0.000010 0.000010 0.181220 0.000010 0.003349 0.815371
0.000010 0.000010 0.000010 0.608117 0.011730 0.017248 0.009878 0.080839 0.272158
0.000010 0.000010 0.089506 0.000010 0.000010 0.245978 0.000010 0.298852 0.365614
0.347032 0.000010 0.000010 0.000010 0.084487 0.063989 0.000010 0.504442 0.000010
0.000010 0.351261 0.000010 0.000010 0.648669 0.000010 0.000010 0.000010 0.000010
0.000010 0.073067 0.293879 0.269771 0.038466 0.239690 0.000010 0.085098 0.000010
0.000010 0.000010 0.000010 0.326481 0.519784 0.013532 0.140153 0.000010 0.000010
0.000010 0.000010 0.000010 0.337443 0.623088 0.038934 0.000010 0.000485 0.000010
0.000010 0.000010 0.000010 0.031530 0.277492 0.359272 0.035627 0.296039 0.000010
0.000010 0.000010 0.259112 0.000010 0.596736 0.127215 0.000010 0.016887 0.000010
0.000010 0.000010 0.000010 0.131469 0.820229 0.048242 0.000010 0.000010 0.000010
0.000010 0.000010 0.000010 0.000010 0.155042 0.384106 0.000010 0.000010 0.460792
0.341739 0.000010 0.000010 0.000010 0.000010 0.000010 0.068549 0.490355 0.099308
0.000010 0.000010 0.384957 0.000010 0.614973 0.000010 0.000010 0.000010 0.000010
0.000010 0.098371 0.700206 0.140637 0.000010 0.060736 0.000010 0.000010 0.000010
0.202516 0.000010 0.000010 0.139448 0.103428 0.385166 0.000010 0.169402 0.000010
0.000010 0.000010 0.000011 0.000010 0.948116 0.025099 0.026725 0.000010 0.000010
0.280302 0.128502 0.000010 0.021652 0.307659 0.000010 0.000010 0.261845 0.000010
0.000010 0.195931 0.038953 0.411856 0.000010 0.000010 0.000010 0.353210 0.000010
0.000010 0.000010 0.000010 0.000010 0.825715 0.000010 0.000010 0.000010 0.174215
0.000010 0.000010 0.793595 0.000010 0.000010 0.206335 0.000010 0.000010 0.000010
0.000010 0.000010 0.250938 0.053612 0.139701 0.304566 0.000010 0.251144 0.000010
0.000010 0.000010 0.000010 0.124440 0.720448 0.000010 0.020423 0.134638 0.000010
0.000010 0.000010 0.000010 0.282903 0.717027 0.000010 0.000010 0.000010 0.000010
0.000010 0.000010 0.630832 0.000010 0.000010 0.369098 0.000010 0.000010 0.000010
0.140903 0.000010 0.065201 0.274502 0.083734 0.052935 0.000010 0.382695 0.000010
0.000010 0.000010 0.000010 0.330413 0.156959 0.000010 0.000010 0.512568 0.000010
0.000010 0.000010 0.000010 0.315411 0.160621 0.000010 0.000010 0.523907 0.000010
0.000010 0.109878 0.000010 0.000010 0.089878 0.000010 0.000010 0.000010 0.800184
0.041487 0.000010 0.000010 0.000010 0.427582 0.096405 0.028379 0.406107 0.000010
0.000010 0.000010 0.000010 0.000010 0.122924 0.677579 0.000010 0.000010 0.199437
0.000010 0.000010 0.000010 0.000010 0.127900 0.674281 0.000010 0.000010 0.197759
0.000010 0.000010 0.017840 0.000010 0.860246 0.121854 0.000010 0.000010 0.000010
0.000010 0.000010 0.000010 0.655937 0.000010 0.009477 0.090577 0.243958 0.000010
0.000010 0.000010 0.000010 0.526868 0.000010 0.000010 0.000010 0.473062 0.000010
0.000010 0.000010 0.354055 0.068741 0.080811 0.358023 0.045670 0.092670 0.000010
0.240348 0.000010 0.000010 0.000010 0.000010 0.032798 0.237106 0.489698 0.000010
0.000010 0.999920 0.000010 0.000010 0.000010 0.000010 0.000010 0.000010 0.000010
0.000010 0.000010 0.000010 0.000010 0.293945 0.705985 0.000010 0.000010 0.000010
0.246142 0.000010 0.000010 0.000010 0.000010 0.026759 0.234804 0.492245 0.000010
0.000010 0.000010 0.000010 0.000010 0.081712 0.034715 0.361115 0.522408 0.000010
0.000010 0.386375 0.000010 0.000010 0.477264 0.115571 0.000010 0.020740 0.000010
0.013781 0.000010 0.000010 0.117071 0.256263 0.113429 0.000010 0.499415 0.000010
0.000010 0.000010 0.000010 0.379176 0.342776 0.277988 0.000010 0.000010 0.000010
0.000010 0.000010 0.000010 0.000010 0.999920 0.000010 0.000010 0.000010 0.000010
0.000010 0.000010 0.000010 0.000010 0.999920 0.000010 0.000010 0.000010 0.000010
0.000010 0.000010 0.000010 0.000010 0.000010 0.000010 0.999920 0.000010 0.000010
0.000010 0.000010 0.000010 0.000010 0.000010 0.000010 0.999920 0.000010 0.000010
0.000010 0.368732 0.000010 0.000010 0.533256 0.000010 0.000010 0.000010 0.097952
0.000010 0.000010 0.921784 0.000010 0.078146 0.000010 0.000010 0.000010 0.000010
0.057147 0.519986 0.097500 0.047487 0.000010 0.144772 0.133078 0.000010 0.000010
0.000010 0.000010 0.500005 0.000010 0.370661 0.059868 0.000010 0.069416 0.000010
0.000010 0.000010 0.196560 0.005132 0.676143 0.000010 0.122115 0.000010 0.000010
0.000010 0.000010 0.000010 0.000010 0.392817 0.000010 0.000010 0.607113 0.000010
0.000010 0.000010 0.000010 0.000010 0.000010 0.000010 0.000010 0.607066 0.392864
0.000010 0.000010 0.937017 0.000010 0.000010 0.062913 0.000010 0.000010 0.000010
0.000010 0.000010 0.114945 0.086292 0.111432 0.052847 0.469667 0.164787 0.000010
0.000010 0.163038 0.188398 0.000010 0.074097 0.000010 0.000010 0.574417 0.000010
0.000010 0.000010 0.000010 0.000010 0.381198 0.000010 0.000010 0.618732 0.000010
0.086608 0.150518 0.000010 0.000010 0.405366 0.006305 0.000010 0.351163 0.000010
0.000010 0.000010 0.000010 0.437851 0.000010 0.000010 0.392972 0.169117 0.000010
0.000010 0.000010 0.000010 0.000010 0.000010 0.000010 0.000010 0.999920 0.000010
0.000010 0.000010 0.000010 0.000010 0.817441 0.000010 0.000010 0.182489 0.000010
0.000010 0.000010 0.000010 0.000010 0.000010 0.000010 0.000010 0.999920 0.000010
0.000010 0.000010 0.000010 0.000010 0.076412 0.000010 0.664182 0.259347 0.000010
0.000010 0.000010 0.000010 0.130570 0.117591 0.336420 0.415370 0.000010 0.000010
0.000010 0.000010 0.109127 0.366535 0.037968 0.000010 0.000010 0.486320 0.000010
0.000010 0.014769 0.000010 0.000010 0.568357 0.416814 0.000010 0.000010 0.000010
0.000010 0.000010 0.000010 0.000010 0.000010 0.016547 0.869533 0.113859 0.000010
0.000010 0.150291 0.000010 0.000010 0.711891 0.137759 0.000010 0.000010 0.000010
0.000010 0.000010 0.000010 0.658250 0.055771 0.000010 0.000010 0.000010 0.285919
0.000010 0.000010 0.340714 0.000010 0.523731 0.135495 0.000010 0.000010 0.000010
0.000010 0.295552 0.064697 0.000010 0.224673 0.018117 0.046195 0.350736 0.000010
0.026489 0.000010 0.000012 0.000010 0.193912 0.315275 0.000010 0.464272 0.000010
0.000010 0.000010 0.000010 0.000010 0.225775 0.000010 0.000010 0.774155 0.000010
0.000010 0.113563 0.000010 0.000010 0.000010 0.000010 0.000010 0.149303 0.737074
0.000010 0.000010 0.112527 0.000010 0.416348 0.339137 0.131938 0.000010 0.000010
0.000010 0.088310 0.070267 0.026743 0.329236 0.439561 0.029163 0.016699 0.000010
0.000010 0.000010 0.000010 0.000010 0.448734 0.000010 0.000010 0.551196 0.000010
0.000010 0.000010 0.000010 0.000010 0.268301 0.731629 0.000010 0.000010 0.000010
0.000010 0.000010 0.000010 0.000010 0.000010 0.000010 0.000010 0.594592 0.405338
0.000010 0.000010 0.000010 0.000010 0.000010 0.000010 0.000010 0.000010 0.999920
0.000010 0.000010 0.000010 0.000010 0.000010 0.000010 0.000010 0.999920 0.000010
0.000010 0.000010 0.000010 0.000010 0.000010 0.000010 0.000010 0.999920 0.000010
0.045034 0.503716 0.104241 0.000010 0.020442 0.000010 0.000010 0.326526 0.000010
0.000010 0.000010 0.000010 0.000010 0.819767 0.000010 0.000010 0.180163 0.000010
0.000010 0.000010 0.000010 0.000010 0.291720 0.420805 0.000010 0.256428 0.030996
0.000010 0.000010 0.000010 0.000010 0.000010 0.000010 0.000010 0.000010 0.999920
0.000010 0.064122 0.090924 0.000010 0.100172 0.027108 0.000010 0.000010 0.717633
0.000010 0.000010 0.218359 0.000010 0.000010 0.226009 0.000010 0.000010 0.555572
0.000010 0.000010 0.187023 0.000010 0.000010 0.213774 0.000010 0.000010 0.599143
0.000010 0.000010 0.000010 0.000010 0.499485 0.284977 0.000010 0.215478 0.000010
0.076462 0.000010 0.000010 0.000010 0.142654 0.282986 0.000010 0.000010 0.497848
0.000010 0.000010 0.000010 0.653769 0.244325 0.000010 0.000010 0.101847 0.000010
0.498627 0.083270 0.000010 0.000010 0.154044 0.264009 0.000010 0.000010 0.000010
0.000010 0.000010 0.878486 0.000010 0.000010 0.121444 0.000010 0.000010 0.000010
0.000010 0.000010 0.000010 0.000010 0.069153 0.000010 0.000010 0.930777 0.000010
0.000010 0.332864 0.257181 0.017370 0.392536 0.000010 0.000010 0.000010 0.000010
0.293554 0.000010 0.000010 0.000010 0.172268 0.087748 0.019384 0.427007 0.000010
0.000010 0.000010 0.000010 0.000010 0.841764 0.073225 0.000010 0.084951 0.000010
0.295834 0.122201 0.000010 0.053148 0.388701 0.000010 0.000010 0.140076 0.000010
0.000010 0.048492 0.000010 0.000010 0.000010 0.096733 0.135378 0.000010 0.719346
0.000010 0.000010 0.000010 0.000010 0.940374 0.059556 0.000010 0.000010 0.000010
0.000010 0.000010 0.000010 0.000010 0.930102 0.000010 0.000010 0.069828 0.000010
0.000010 0.093366 0.000010 0.059148 0.000010 0.073844 0.000010 0.143170 0.630433
0.000010 0.959077 0.000010 0.000010 0.040853 0.000010 0.000010 0.000010 0.000010
0.000010 0.370365 0.136839 0.000010 0.299346 0.018522 0.000010 0.174888 0.000010
0.000010 0.000010 0.000010 0.000010 0.653562 0.236004 0.000010 0.110374 0.000010
0.000010 0.000010 0.000010 0.404150 0.120329 0.000010 0.095286 0.380186 0.000010
0.000010 0.000010 0.000010 0.000010 0.000010 0.000010 0.000010 0.000010 0.999920
0.183061 0.000010 0.040424 0.000010 0.062818 0.000010 0.109084 0.453701 0.150882
0.315542 0.000010 0.000010 0.000010 0.101745 0.261847 0.159944 0.160882 0.000010
0.370456 0.000010 0.000010 0.086918 0.224952 0.187126 0.000010 0.130508 0.000010
0.053556 0.513763 0.093025 0.000010 0.059884 0.000010 0.000010 0.279733 0.000010
0.000010 0.000010 0.000010 0.000010 0.597384 0.195175 0.000010 0.207381 0.000010
0.000010 0.000010 0.000010 0.000010 0.000010 0.000010 0.000010 0.999920 0.000010
0.000010 0.000010 0.310522 0.135500 0.000010 0.000010 0.000010 0.000010 0.553918
0.000010 0.000010 0.929912 0.000010 0.070018 0.000010 0.000010 0.000010 0.000010
0.000010 0.000010 0.000010 0.000010 0.000010 0.086039 0.000010 0.084755 0.829146
0.000010 0.000010 0.000010 0.000010 0.932147 0.067783 0.000010 0.000010 0.000010
0.000010 0.000010 0.036215 0.048672 0.401581 0.035068 0.360875 0.000010 0.117559
0.000010 0.448661 0.000010 0.000010 0.000010 0.009254 0.000010 0.000010 0.542025
0.093397 0.000010 0.189407 0.099067 0.000010 0.000010 0.299837 0.318253 0.000010
0.000010 0.000010 0.000010 0.131770 0.185229 0.448121 0.234830 0.000010 0.000010
0.000010 0.289038 0.710892 0.000010 0.000010 0.000010 0.000010 0.000010 0.000010
0.000010 0.000010 0.297261 0.000010 0.645515 0.057163 0.000010 0.000010 0.000010
0.292209 0.000010 0.000010 0.000010 0.463745 0.073048 0.000010 0.170948 0.000010
0.000010 0.735206 0.221714 0.000010 0.043020 0.000010 0.000010 0.000010 0.000010
0.000010 0.000010 0.225557 0.000010 0.541653 0.000010 0.000010 0.060979 0.171761
0.000010 0.000010 0.000010 0.000010 0.000010 0.999920 0.000010 0.000010 0.000010
0.000010 0.000010 0.000010 0.000010 0.000010 0.999920 0.000010 0.000010 0.000010
0.000010 0.000010 0.000010 0.000010 0.000010 0.999920 0.000010 0.000010 0.000010
0.000010 0.000010 0.000010 0.000010 0.463382 0.377288 0.159270 0.000010 0.000010
0.000010 0.255798 0.100959 0.000010 0.570744 0.000010 0.000010 0.010725 0.061734
0.000010 0.737175 0.220160 0.000010 0.042605 0.000010 0.000010 0.000010 0.000010
0.000010 0.000010 0.000010 0.000010 0.000010 0.000010 0.000010 0.586014 0.413916
0.052818 0.000010 0.040877 0.606063 0.159612 0.000010 0.000010 0.140589 0.000010
0.242280 0.000010 0.000010 0.354734 0.069822 0.329866 0.000010 0.003258 0.000010
0.000010 0.035522 0.000010 0.643677 0.000010 0.000010 0.000010 0.106354 0.214397
0.000010 0.732266 0.220767 0.000010 0.046907 0.000010 0.000010 0.000010 0.000010
0.000010 0.000010 0.000010 0.000010 0.000010 0.000010 0.000010 0.454220 0.545710
0.000010 0.000010 0.350685 0.000010 0.000010 0.073792 0.000010 0.000010 0.575463
0.000010 0.132414 0.000010 0.393059 0.257784 0.202854 0.000010 0.013849 0.000010
0.000010 0.000010 0.000010 0.000010 0.000010 0.000010 0.000010 0.585924 0.414006
0.000010 0.000010 0.000010 0.000010 0.137712 0.000010 0.000010 0.000010 0.862218
0.000010 0.000010 0.000010 0.130269 0.182016 0.449154 0.238511 0.000010 0.000010
0.015820 0.000010 0.000010 0.000010 0.420581 0.100856 0.000010 0.462693 0.000010
0.000010 0.000010 0.000010 0.001070 0.998860 0.000010 0.000010 0.000010 0.000010
0.000010 0.000010 0.000010 0.000010 0.000010 0.999920 0.000010 0.000010 0.000010
0.000010 0.143382 0.206931 0.000010 0.348534 0.238866 0.000010 0.062246 0.000010
0.000010 0.262191 0.000010 0.000010 0.000010 0.097556 0.000010 0.097839 0.542364
0.000010 0.000010 0.000010 0.000010 0.000010 0.999920 0.000010 0.000010 0.000010
0.000010 0.000010 0.000010 0.000010 0.000010 0.000010 0.000010 0.585924 0.414006
0.000010 0.000010 0.366585 0.011407 0.621948 0.000010 0.000010 0.000010 0.000010
0.000010 0.470090 0.000010 0.000010 0.386987 0.074309 0.000010 0.068564 0.000010
0.000010 0.000010 0.682086 0.280150 0.018327 0.000010 0.000010 0.004169 0.015228
0.000010 0.000010 0.337092 0.209824 0.000010 0.363432 0.000010 0.089602 0.000010
0.000010 0.058674 0.000010 0.000010 0.755427 0.000010 0.000010 0.185840 0.000010
0.000010 0.000010 0.116709 0.000010 0.727887 0.000010 0.026533 0.128821 0.000010
0.000010 0.000010 0.000010 0.000010 0.000010 0.000010 0.000010 0.149349 0.850581
0.000010 0.000010 0.000010 0.140280 0.300580 0.341702 0.217387 0.000010 0.000010
0.000010 0.000010 0.132565 0.000010 0.556746 0.000010 0.000010 0.032217 0.278422
0.010881 0.151831 0.171238 0.000010 0.000010 0.000010 0.000010 0.091897 0.574113
0.384957 0.000010 0.000010 0.000010 0.153559 0.346570 0.000010 0.114864 0.000010
0.000010 0.000010 0.000010 0.860725 0.000010 0.000010 0.000010 0.139205 0.000010
0.000010 0.210376 0.000010 0.000010 0.000010 0.000010 0.000010 0.000010 0.789554
0.117048 0.000010 0.000010 0.000010 0.341052 0.000010 0.121732 0.420119 0.000010
0.000010 0.732309 0.220817 0.000010 0.046814 0.000010 0.000010 0.000010 0.000010
0.000010 0.000010 0.000010 0.000010 0.309330 0.690600 0.000010 0.000010 0.000010
0.000010 0.000010 0.000010 0.000010 0.955025 0.000010 0.000010 0.044905 0.000010
0.000010 0.000010 0.999920 0.000010 0.000010 0.000010 0.000010 0.000010 0.000010
