0.000010 0.545259 0.000010 0.023125 0.431596
0.000010 0.156746 0.146499 0.000010 0.696735
0.000010 0.177633 0.149715 0.000010 0.672632
0.000010 0.000010 0.000010 0.000010 0.999960
0.144792 0.000010 0.000010 0.737868 0.117320
0.000010 0.164856 0.000010 0.000010 0.835114
0.000010 0.236411 0.000010 0.000010 0.763559
0.000010 0.105137 0.000010 0.000010 0.894833
0.000010 0.000010 0.000010 0.598142 0.401828
0.000013 0.784999 0.096569 0.118409 0.000010
0.000010 0.709357 0.252636 0.000010 0.037987
0.000010 0.000010 0.000010 0.000010 0.999960
0.000010 0.000010 0.000010 0.040777 0.959193
0.000010 0.000010 0.000010 0.000010 0.999960
0.000010 0.345563 0.372559 0.000010 0.281859
0.456200 0.000010 0.000010 0.000010 0.543770
0.000010 0.890417 0.109553 0.000010 0.000010
0.000010 0.000010 0.000010 0.560360 0.439610
0.139393 0.302932 0.108844 0.000010 0.448822
0.000010 0.000010 0.000010 0.300756 0.699214
0.000010 0.487328 0.087619 0.000010 0.425033
0.000010 0.000010 0.000010 0.000010 0.999960
0.382710 0.295160 0.000010 0.000010 0.322110
0.025364 0.264680 0.250081 0.459865 0.000010
0.025024 0.000010 0.106523 0.000010 0.868434
0.000010 0.000010 0.000010 0.000010 0.999960
0.013640 0.000010 0.000010 0.053260 0.933080
0.434694 0.000010 0.000010 0.000010 0.565276
0.000010 0.004033 0.000010 0.199048 0.796899
0.000010 0.000010 0.000010 0.000010 0.999960
0.000010 0.004384 0.000010 0.000010 0.995586
0.000010 0.000010 0.000010 0.000010 0.999960
0.322508 0.321493 0.000010 0.210043 0.145946
0.059744 0.000010 0.477023 0.179517 0.283705
0.000010 0.041174 0.000010 0.000010 0.958796
0.000010 0.000010 0.000010 0.000010 0.999960
0.346872 0.117803 0.093620 0.227879 0.213826
0.000010 0.066229 0.000010 0.000010 0.933741
0.000010 0.000010 0.000010 0.000010 0.999960
0.000010 0.000010 0.000010 0.000010 0.999960
0.347930 0.000010 0.000010 0.652040 0.000010
0.000010 0.000010 0.000010 0.000010 0.999960
0.000010 0.000010 0.112577 0.000010 0.887393
0.000010 0.000010 0.000010 0.000010 0.999960
0.245508 0.189887 0.000010 0.000010 0.564585
0.000010 0.000010 0.000010 0.000010 0.999960
0.793166 0.000010 0.000010 0.000010 0.206804
0.000010 0.008904 0.000010 0.000010 0.991066
0.000010 0.852534 0.000010 0.000010 0.147436
0.000010 0.088677 0.000010 0.000010 0.911293
0.446831 0.050239 0.348161 0.000010 0.154758
0.144851 0.817780 0.000010 0.008785 0.028574
0.049846 0.000010 0.000010 0.235631 0.714503
0.000010 0.000010 0.000010 0.000010 0.999960
0.000010 0.000010 0.000010 0.000010 0.999960
0.000010 0.367685 0.000010 0.000010 0.632285
0.375734 0.249628 0.132459 0.089666 0.152513
0.617470 0.337078 0.000010 0.000010 0.045432
0.000010 0.043601 0.000010 0.000010 0.956369
0.485338 0.309492 0.000010 0.024493 0.180667
0.137059 0.200806 0.334841 0.257747 0.069548
0.067661 0.645096 0.000010 0.000010 0.287224
0.000010 0.105829 0.007833 0.000010 0.886318
0.000010 0.000010 0.000010 0.082672 0.917298
0.056424 0.000010 0.000010 0.784128 0.159428
0.117762 0.000010 0.464515 0.246450 0.171263
0.000010 0.999960 0.000010 0.000010 0.000010
0.161359 0.709807 0.128813 0.000010 0.000010
0.000010 0.000010 0.000010 0.999960 0.000010
0.000010 0.000010 0.000010 0.999960 0.000010
0.263763 0.383687 0.233902 0.000010 0.118637
0.211205 0.182090 0.000010 0.000010 0.606685
0.054887 0.608627 0.000010 0.086265 0.250211
0.106165 0.000010 0.000010 0.000010 0.893805
0.000010 0.416929 0.000010 0.000010 0.583041
0.087734 0.000010 0.022638 0.889608 0.000010
0.000010 0.000010 0.025312 0.000010 0.974658
0.000010 0.292839 0.004456 0.599432 0.103264
0.238029 0.355704 0.101135 0.265640 0.039491
0.000010 0.633617 0.049294 0.193581 0.123498
0.154243 0.000010 0.000010 0.845727 0.000010
0.010324 0.010314 0.124287 0.215060 0.640016
0.000010 0.027040 0.638855 0.298315 0.035780
0.002728 0.028860 0.000010 0.968393 0.000010
0.000010 0.451002 0.419824 0.000010 0.129154
0.015974 0.025432 0.000010 0.332673 0.625912
0.000010 0.000010 0.151574 0.848396 0.000010
0.000010 0.067364 0.436646 0.300983 0.194997
0.417266 0.000010 0.000010 0.582704 0.000010
0.000010 0.000010 0.127473 0.000010 0.872497
0.000010 0.000010 0.000010 0.999960 0.000010
0.453075 0.000010 0.000010 0.546895 0.000010
0.204410 0.241900 0.068582 0.098185 0.386924
0.019718 0.868165 0.000010 0.000010 0.112097
0.035284 0.000010 0.053366 0.617152 0.294187
0.048608 0.320013 0.000010 0.558076 0.073293
0.153838 0.217415 0.000010 0.398606 0.230131
0.000010 0.999960 0.000010 0.000010 0.000010
0.000010 0.000010 0.000010 0.770228 0.229742
0.000010 0.000010 0.000010 0.117704 0.882266
0.000010 0.125129 0.123229 0.751622 0.000010
0.054101 0.079022 0.060610 0.736516 0.069751
0.000010 0.021251 0.000010 0.000010 0.978719
0.174530 0.000010 0.000010 0.825440 0.000010
0.652618 0.165859 0.000010 0.064829 0.116684
0.088623 0.189786 0.000010 0.487703 0.233877
0.000010 0.000010 0.129271 0.330324 0.540385
0.000010 0.708617 0.000010 0.000010 0.291353
0.280382 0.044336 0.000010 0.326320 0.348951
0.000010 0.000010 0.000010 0.000010 0.999960
0.000010 0.768567 0.128553 0.000010 0.102860
0.000010 0.210378 0.110267 0.435179 0.244166
0.002953 0.190338 0.175329 0.124902 0.506477
0.000010 0.622170 0.000010 0.089130 0.288680
0.000010 0.000010 0.176910 0.823060 0.000010
0.000010 0.999960 0.000010 0.000010 0.000010
0.000010 0.824325 0.000010 0.000010 0.175645
0.000010 0.999960 0.000010 0.000010 0.000010
0.274096 0.693330 0.000010 0.032553 0.000010
0.134457 0.000010 0.000010 0.152444 0.713079
0.297136 0.283632 0.121727 0.000010 0.297496
0.288187 0.010897 0.000010 0.000010 0.700896
0.000010 0.578448 0.000010 0.411987 0.009546
0.000010 0.435221 0.066732 0.498027 0.000010
0.064491 0.815586 0.000010 0.000010 0.119903
0.000010 0.192147 0.000010 0.807823 0.000010
0.031335 0.768836 0.199809 0.000010 0.000010
0.278876 0.000010 0.000010 0.240254 0.480850
0.000010 0.240968 0.511985 0.138310 0.108727
0.000010 0.083285 0.353691 0.331958 0.231055
0.000010 0.000010 0.046372 0.613027 0.340580
0.000010 0.000010 0.000010 0.552795 0.447175
0.679749 0.025374 0.085724 0.122119 0.087034
0.000010 0.023197 0.000010 0.628567 0.348216
0.295204 0.701824 0.000010 0.000010 0.002951
0.009870 0.166252 0.000010 0.495178 0.328691
0.000010 0.946014 0.000010 0.000010 0.053956
0.000010 0.900609 0.034749 0.030646 0.033987
0.620618 0.000010 0.077982 0.073299 0.228091
0.173996 0.218324 0.000010 0.409202 0.198468
0.000010 0.000010 0.000010 0.000010 0.999960
0.000010 0.000010 0.000010 0.276311 0.723659
0.000010 0.000010 0.000010 0.900050 0.099920
0.385892 0.394417 0.000010 0.000010 0.219671
0.000010 0.000010 0.051678 0.828258 0.120043
0.349415 0.172661 0.000010 0.477904 0.000010
0.244396 0.590467 0.165117 0.000010 0.000010
0.221253 0.730983 0.000010 0.047744 0.000010
0.173342 0.039631 0.000010 0.000010 0.787006
0.000010 0.000010 0.000010 0.000010 0.999960
0.000010 0.129449 0.000010 0.000010 0.870521
0.026170 0.425808 0.257154 0.000010 0.290858
0.000010 0.000010 0.000010 0.000010 0.999960
0.000010 0.000010 0.000010 0.031625 0.968345
0.000010 0.000010 0.000010 0.161222 0.838748
0.000010 0.000010 0.000010 0.000010 0.999960
0.000010 0.338531 0.000010 0.661439 0.000010
0.000010 0.000010 0.000010 0.729098 0.270872
0.232689 0.000010 0.000010 0.475038 0.292253
0.418226 0.032061 0.113878 0.182168 0.253667
0.000010 0.000010 0.000010 0.000010 0.999960
0.280797 0.000010 0.000010 0.421533 0.297651
0.291818 0.300680 0.000010 0.312611 0.094881
0.000010 0.000010 0.000010 0.000010 0.999960
0.357658 0.000010 0.000010 0.592398 0.049924
0.000010 0.401085 0.385907 0.000010 0.212987
0.608673 0.144945 0.000010 0.000010 0.246362
0.000010 0.012604 0.000010 0.218997 0.768379
0.076963 0.000010 0.000010 0.000010 0.923007
0.214778 0.000010 0.000010 0.785192 0.000010
0.010414 0.000010 0.203919 0.000010 0.785648
0.317928 0.363429 0.000010 0.103912 0.214720
0.000010 0.810581 0.000010 0.000010 0.189389
0.000010 0.142181 0.000010 0.000010 0.857789
0.276946 0.000010 0.000010 0.723024 0.000010
0.140270 0.000010 0.000010 0.531932 0.327778
0.000010 0.265470 0.139885 0.594625 0.000010
0.100086 0.575034 0.079551 0.000010 0.245320
0.385456 0.118051 0.000010 0.496474 0.000010
0.422383 0.080160 0.137125 0.360322 0.000010
0.000010 0.000010 0.018754 0.000010 0.981216
0.000010 0.000010 0.000010 0.000010 0.999960
0.000010 0.999960 0.000010 0.000010 0.000010
0.115555 0.000010 0.000010 0.884415 0.000010
0.000010 0.335229 0.000010 0.664741 0.000010
0.541962 0.432357 0.000010 0.025662 0.000010
0.245910 0.261419 0.037983 0.035594 0.419094
0.000010 0.000010 0.000010 0.063227 0.936743
0.277536 0.147761 0.000010 0.378105 0.196588
0.000010 0.000010 0.000010 0.999960 0.000010
0.000010 0.303173 0.100523 0.000010 0.596284
0.000010 0.159768 0.340638 0.360289 0.139295
0.000010 0.000010 0.000010 0.745873 0.254097
0.000010 0.905785 0.000010 0.000010 0.094185
0.441962 0.353230 0.000010 0.085417 0.119381
0.311708 0.350230 0.000010 0.000010 0.338043
0.000010 0.000010 0.000010 0.146808 0.853162
0.000010 0.000010 0.000010 0.678965 0.321005
0.000010 0.000010 0.000010 0.000010 0.999960
0.179412 0.000010 0.000010 0.820558 0.000010
0.000010 0.000010 0.024467 0.537485 0.438028
0.028569 0.064337 0.000010 0.655656 0.251427
0.000010 0.000010 0.000010 0.000010 0.999960
0.000010 0.000010 0.000010 0.509252 0.490718
0.621665 0.216881 0.000010 0.153002 0.008442
0.159492 0.000010 0.000010 0.840478 0.000010
0.000010 0.764969 0.096458 0.138553 0.000010
0.000010 0.000010 0.000010 0.999960 0.000010
0.481541 0.116838 0.000010 0.074682 0.326929
0.000010 0.221689 0.000010 0.522175 0.256115
0.000010 0.343763 0.000010 0.642454 0.013763
0.144336 0.731685 0.000010 0.000010 0.123959
0.585026 0.022051 0.087661 0.187746 0.117515
0.000010 0.000010 0.000010 0.000010 0.999960
0.065597 0.000010 0.092328 0.615950 0.226115
0.169586 0.000010 0.000010 0.791927 0.038467
0.000010 0.000010 0.062015 0.937955 0.000010
0.124790 0.000010 0.000010 0.101082 0.774108
0.025105 0.000010 0.045490 0.000010 0.929385
0.000010 0.000010 0.000010 0.677383 0.322587
0.076100 0.178498 0.427714 0.317678 0.000010
0.000010 0.999960 0.000010 0.000010 0.000010
0.000010 0.000010 0.000010 0.999960 0.000010
0.000010 0.999960 0.000010 0.000010 0.000010
0.241810 0.000010 0.000010 0.500636 0.257534
0.000010 0.000010 0.000010 0.999960 0.000010
0.000010 0.316668 0.609586 0.020058 0.053679
0.261165 0.000010 0.000010 0.000010 0.738805
0.000010 0.000010 0.000010 0.551897 0.448073
0.338282 0.166045 0.000010 0.495653 0.000010
0.000010 0.135944 0.000010 0.864026 0.000010
0.000010 0.174253 0.000010 0.000010 0.825717
0.000010 0.000010 0.000010 0.999960 0.000010
0.000010 0.000010 0.010249 0.000010 0.989721
0.000010 0.312647 0.600853 0.020306 0.066184
0.000010 0.000010 0.272670 0.422362 0.304949
0.153330 0.000010 0.205665 0.473512 0.167483
0.268332 0.182110 0.000010 0.549538 0.000010
0.000010 0.000010 0.000010 0.999960 0.000010
0.159788 0.000010 0.000010 0.840182 0.000010
0.187239 0.000010 0.000010 0.812731 0.000010
0.000010 0.000010 0.000010 0.922552 0.077418
0.000010 0.000010 0.000010 0.262396 0.737574
0.279991 0.440389 0.081047 0.059208 0.139365
0.000010 0.000010 0.406695 0.424372 0.168913
0.000010 0.000010 0.000010 0.266611 0.733359
0.384710 0.000010 0.196827 0.418443 0.000010
0.000010 0.000010 0.060171 0.000010 0.939799
0.000010 0.862686 0.071383 0.065911 0.000010
0.000010 0.000010 0.222629 0.763781 0.013571
0.000010 0.000010 0.000010 0.999960 0.000010
0.000010 0.000010 0.000010 0.000010 0.999960
0.000010 0.000010 0.000010 0.544491 0.455479
0.000010 0.000010 0.000010 0.720019 0.279951
0.000010 0.000010 0.000010 0.981688 0.018282
0.000010 0.318101 0.072796 0.609083 0.000010
0.000010 0.000010 0.000010 0.984376 0.015594
0.424676 0.360357 0.000010 0.113319 0.101638
0.226136 0.308842 0.000010 0.270287 0.194725
0.000010 0.195468 0.004474 0.000010 0.800038
0.000010 0.000010 0.000010 0.999960 0.000010
0.000010 0.000010 0.000010 0.620433 0.379537
0.000010 0.000010 0.000010 0.547314 0.452656
0.000010 0.627028 0.000010 0.279977 0.092974
0.000010 0.000010 0.071304 0.928666 0.000010
0.000010 0.000010 0.000010 0.999960 0.000010
0.494597 0.304811 0.000010 0.080729 0.119854
0.000010 0.002156 0.141853 0.855971 0.000010
0.000010 0.403892 0.322174 0.000010 0.273915
0.000010 0.069073 0.000010 0.915281 0.015626
0.152668 0.000010 0.000017 0.847294 0.000010
0.321084 0.028010 0.000010 0.489515 0.161381
0.000010 0.000010 0.000010 0.072314 0.927656
0.810610 0.101793 0.000010 0.000010 0.087576
0.180952 0.000010 0.000010 0.819018 0.000010
0.207527 0.375479 0.000010 0.221936 0.195048
0.000010 0.000010 0.000010 0.999960 0.000010
0.208507 0.000010 0.000010 0.562148 0.229324
0.038002 0.089882 0.005466 0.000010 0.866640
0.302615 0.093933 0.219854 0.349907 0.033691
0.228012 0.584825 0.006699 0.000010 0.180454
0.249291 0.321731 0.127023 0.301946 0.000010
0.000010 0.336817 0.000010 0.663153 0.000010
0.000010 0.000010 0.000010 0.231682 0.768288
0.000010 0.200535 0.180194 0.248746 0.370516
0.072934 0.136895 0.486271 0.000010 0.303890
0.000010 0.000010 0.674014 0.119129 0.206837
0.231431 0.000010 0.120406 0.389099 0.259054
0.243403 0.000010 0.132270 0.341140 0.283177
0.136834 0.000010 0.185762 0.607328 0.070066
0.174916 0.000010 0.000010 0.000010 0.825054
0.172088 0.000010 0.507705 0.113922 0.206276
0.242831 0.241101 0.454690 0.000010 0.061368
0.064210 0.000010 0.649958 0.000010 0.285811
0.060275 0.258789 0.372635 0.000010 0.308290
0.000010 0.000010 0.094334 0.000010 0.905636
0.518040 0.000010 0.000010 0.190272 0.291668
0.074084 0.291901 0.558507 0.000010 0.075498
0.075081 0.290889 0.559572 0.000010 0.074447
0.058599 0.000010 0.294760 0.646621 0.000010
0.000010 0.000010 0.923723 0.000010 0.076247
0.272617 0.059591 0.499163 0.000010 0.168618
0.795103 0.000010 0.010852 0.107004 0.087031
0.241504 0.000010 0.697486 0.000010 0.060990
0.363772 0.216736 0.082816 0.000010 0.336666
0.597958 0.000010 0.402012 0.000010 0.000010
0.105796 0.000010 0.219220 0.674964 0.000010
0.033998 0.029403 0.000010 0.000010 0.936579
0.077893 0.285480 0.560547 0.000010 0.076070
0.000010 0.000010 0.000010 0.157734 0.842236
0.663610 0.000010 0.205349 0.000010 0.131021
0.674856 0.000010 0.205697 0.000010 0.119427
0.335367 0.309326 0.262494 0.000010 0.092803
0.422741 0.000010 0.300914 0.000010 0.276325
0.000010 0.000010 0.000010 0.503388 0.496582
0.074305 0.283411 0.550633 0.000010 0.091640
0.524418 0.104251 0.201111 0.000010 0.170211
0.620386 0.000010 0.129741 0.000010 0.249853
0.265140 0.168675 0.060313 0.449540 0.056331
0.000010 0.000010 0.852871 0.000010 0.147099
0.331660 0.092327 0.575993 0.000010 0.000010
0.847517 0.000010 0.000010 0.069175 0.083289
0.133991 0.000010 0.117388 0.748601 0.000010
0.594501 0.000010 0.182937 0.000010 0.222542
0.230554 0.000010 0.269177 0.500249 0.000010
0.238346 0.239981 0.453226 0.000010 0.068437
0.040954 0.000010 0.135695 0.134334 0.689008
0.120575 0.000010 0.806324 0.000010 0.073081
0.053728 0.000010 0.294901 0.000010 0.651352
0.185346 0.000010 0.106177 0.000010 0.708458
0.280076 0.000010 0.528127 0.000010 0.191777
0.000010 0.000010 0.257011 0.049879 0.693091
0.000010 0.000010 0.111865 0.000010 0.888105
0.171352 0.000010 0.506569 0.115555 0.206514
0.352431 0.647539 0.000010 0.000010 0.000010
0.000010 0.000010 0.158966 0.000010 0.841004
0.000010 0.000010 0.566524 0.433446 0.000010
0.000010 0.341905 0.578451 0.000010 0.079624
0.000010 0.000010 0.058565 0.000010 0.941405
0.324890 0.269164 0.091509 0.000010 0.314426
0.706412 0.208920 0.084647 0.000010 0.000010
0.000010 0.000010 0.000010 0.090019 0.909951
0.000010 0.000010 0.725099 0.200548 0.074334
0.000010 0.000010 0.813950 0.000010 0.186020
0.076898 0.000010 0.096512 0.000010 0.826570
0.056527 0.000010 0.204024 0.000010 0.739429
0.000010 0.000010 0.952055 0.000010 0.047915
0.514657 0.153871 0.234617 0.000010 0.096846
0.847111 0.000010 0.000010 0.000010 0.152859
0.847670 0.000010 0.000010 0.000010 0.152300
0.000010 0.000010 0.000010 0.999960 0.000010
0.356911 0.006790 0.215051 0.000010 0.421238
0.000010 0.000010 0.814633 0.053346 0.132001
0.000010 0.000010 0.812603 0.053934 0.133443
0.000010 0.000010 0.137405 0.000010 0.862565
0.722415 0.027929 0.249636 0.000010 0.000010
0.697364 0.117829 0.184787 0.000010 0.000010
0.065782 0.000010 0.861421 0.000010 0.072776
0.000010 0.377397 0.621903 0.000010 0.000680
0.272144 0.000010 0.000010 0.678263 0.049573
0.000010 0.000010 0.711558 0.000010 0.288412
0.000012 0.373975 0.616630 0.000010 0.009373
0.158864 0.066558 0.613706 0.000010 0.160862
0.000010 0.056879 0.429273 0.000010 0.513828
0.518653 0.000010 0.250507 0.000010 0.230820
0.365465 0.041618 0.205748 0.000010 0.387159
0.000010 0.000010 0.000010 0.000010 0.999960
0.000010 0.000010 0.000010 0.000010 0.999960
0.000010 0.000010 0.999960 0.000010 0.000010
0.000010 0.000010 0.999960 0.000010 0.000010
0.235094 0.000010 0.000010 0.267175 0.497712
0.000010 0.000010 0.795264 0.000010 0.204706
0.000010 0.063590 0.623971 0.302551 0.009878
0.000010 0.000010 0.551239 0.000010 0.448731
0.000010 0.000010 0.228444 0.000010 0.771526
0.482377 0.000010 0.000010 0.000010 0.517593
0.674064 0.000010 0.000010 0.325906 0.000010
0.000010 0.000010 0.636090 0.246173 0.117717
0.365946 0.006899 0.363411 0.059225 0.204520
0.078533 0.205469 0.423107 0.292881 0.000010
0.492477 0.000010 0.000010 0.000010 0.507493
0.487784 0.001740 0.031796 0.000010 0.478670
0.516516 0.000010 0.394108 0.000010 0.089356
0.999960 0.000010 0.000010 0.000010 0.000010
0.000010 0.000010 0.169777 0.000010 0.830193
0.999960 0.000010 0.000010 0.000010 0.000010
0.466422 0.015960 0.317386 0.000010 0.200221
0.006836 0.000010 0.822489 0.000010 0.170656
0.669862 0.000010 0.236990 0.000010 0.093129
0.000010 0.000010 0.519177 0.000010 0.480793
0.132355 0.042207 0.825011 0.000010 0.000417
0.059450 0.000010 0.134331 0.039484 0.766725
0.618914 0.000010 0.000010 0.022541 0.358526
0.000010 0.000010 0.353706 0.000010 0.646264
0.470123 0.000010 0.225903 0.000010 0.303954
0.000010 0.271897 0.628682 0.000010 0.099401
0.722535 0.000010 0.000010 0.000010 0.277435
0.381400 0.000010 0.000010 0.618570 0.000010
0.000010 0.000010 0.596013 0.000010 0.403957
0.000010 0.017734 0.619902 0.108532 0.253821
0.479353 0.000010 0.000010 0.000010 0.520617
0.000010 0.000010 0.723802 0.000010 0.276168
0.660492 0.000010 0.000010 0.339478 0.000010
0.010106 0.000010 0.000010 0.979420 0.010454
0.999960 0.000010 0.000010 0.000010 0.000010
0.999960 0.000010 0.000010 0.000010 0.000010
0.000010 0.068467 0.554722 0.376791 0.000010
0.100355 0.000010 0.105167 0.000010 0.794458
0.109847 0.075358 0.533490 0.000010 0.281295
0.000010 0.000010 0.000010 0.999960 0.000010
0.000010 0.000010 0.000010 0.999960 0.000010
0.000010 0.000010 0.547682 0.452288 0.000010
0.026600 0.000010 0.510098 0.463283 0.000010
0.029824 0.132096 0.369932 0.000010 0.468138
0.000010 0.030664 0.364066 0.426783 0.178477
0.768515 0.000010 0.000010 0.000010 0.231455
0.000010 0.389454 0.409699 0.000010 0.200827
0.000010 0.000010 0.851457 0.000010 0.148513
0.999960 0.000010 0.000010 0.000010 0.000010
0.169078 0.000010 0.059076 0.285651 0.486185
0.000010 0.372034 0.475950 0.000010 0.151996
0.016956 0.000010 0.141320 0.000010 0.841704
0.130091 0.465206 0.000010 0.000010 0.404683
0.000010 0.000010 0.266946 0.733024 0.000010
0.000010 0.000010 0.060578 0.000010 0.939392
0.015577 0.000010 0.000010 0.000010 0.984393
0.511555 0.000010 0.000010 0.483520 0.004905
0.239647 0.000010 0.029996 0.603642 0.126705
0.201003 0.000010 0.393293 0.118865 0.286829
0.000010 0.000010 0.352335 0.000010 0.647635
0.784921 0.000010 0.000010 0.000010 0.215049
0.000010 0.000010 0.000010 0.999960 0.000010
0.000010 0.271871 0.445312 0.177575 0.105232
0.000010 0.342042 0.522853 0.000010 0.135085
0.051379 0.452746 0.278556 0.000010 0.217308
0.000010 0.068989 0.521012 0.350590 0.059399
0.000010 0.000010 0.406201 0.000010 0.593769
0.980909 0.000010 0.000010 0.000010 0.019061
0.218575 0.000010 0.223164 0.558241 0.000010
0.000010 0.000010 0.509015 0.353842 0.137123
0.108318 0.000010 0.143943 0.747719 0.000010
0.000010 0.000010 0.072957 0.000010 0.927013
0.272119 0.000010 0.086437 0.170435 0.470998
0.302498 0.000010 0.000010 0.697472 0.000010
0.053162 0.257187 0.689632 0.000010 0.000010
0.000010 0.000010 0.798200 0.000010 0.201770
0.000010 0.000010 0.457540 0.542430 0.000010
0.000010 0.000010 0.236070 0.000010 0.763900
0.126074 0.297346 0.044140 0.000010 0.532430
0.000010 0.000010 0.517667 0.412523 0.069791
0.000010 0.000010 0.118984 0.295228 0.585769
0.000010 0.000010 0.999960 0.000010 0.000010
0.000010 0.000010 0.999960 0.000010 0.000010
0.000010 0.000010 0.999960 0.000010 0.000010
0.000010 0.000010 0.540761 0.000010 0.459209
0.000010 0.000010 0.000010 0.360647 0.639323
0.000010 0.000010 0.520260 0.411902 0.067818
0.650981 0.000010 0.000010 0.348989 0.000010
0.653478 0.051161 0.042473 0.000010 0.252879
0.010108 0.264894 0.602596 0.000010 0.122391
0.636960 0.000010 0.039924 0.323096 0.000010
0.000010 0.000010 0.517807 0.408363 0.073810
0.523458 0.000010 0.000010 0.347335 0.129187
0.000010 0.000010 0.169478 0.830492 0.000010
0.162119 0.000010 0.413342 0.108012 0.316518
0.651195 0.000010 0.000010 0.348775 0.000010
0.211555 0.000010 0.000010 0.557169 0.231255
0.000010 0.000010 0.797874 0.000010 0.202096
0.306652 0.000010 0.326006 0.000010 0.367322
0.000010 0.000010 0.000010 0.000010 0.999960
0.000010 0.000010 0.999960 0.000010 0.000010
0.000010 0.000010 0.523195 0.171905 0.304880
0.245797 0.000010 0.177050 0.577132 0.000010
0.000010 0.000010 0.999960 0.000010 0.000010
0.651195 0.000010 0.000010 0.348775 0.000010
0.033649 0.000010 0.136080 0.000010 0.830251
0.004820 0.000010 0.491640 0.000010 0.503519
0.000010 0.000010 0.700482 0.251784 0.047714
0.020978 0.000010 0.872467 0.000010 0.106535
0.255898 0.000010 0.000010 0.000010 0.744072
0.000010 0.000010 0.294930 0.000010 0.705040
0.017276 0.000010 0.172332 0.810373 0.000010
0.000010 0.000010 0.681180 0.000010 0.318790
0.000010 0.000010 0.111910 0.152447 0.735623
0.099154 0.026430 0.070391 0.804015 0.000010
0.355878 0.360427 0.173923 0.000010 0.109762
0.612913 0.000010 0.356928 0.000010 0.030140
0.250449 0.000010 0.000010 0.749521 0.000010
0.253741 0.108811 0.219341 0.000010 0.418097
0.000010 0.000010 0.518003 0.408040 0.073937
0.000010 0.000010 0.719081 0.000010 0.280889
0.000010 0.000010 0.047029 0.000010 0.952941
0.000010 0.000010 0.999960 0.000010 0.000010
0.752622 0.000010 0.132291 0.000010 0.115068
0.000010 0.000010 0.078548 0.815226 0.106206
0.000010 0.000010 0.722051 0.000010 0.277919
0.000010 0.000010 0.999960 0.000010 0.000010
0.249101 0.106403 0.415396 0.094485 0.134616
0.847747 0.000010 0.000010 0.000010 0.152223
0.000010 0.000010 0.999960 0.000010 0.000010
0.000010 0.000010 0.999960 0.000010 0.000010
0.000010 0.000010 0.388860 0.413471 0.197649
0.390011 0.000010 0.391644 0.000010 0.218325
0.170189 0.000010 0.270454 0.330816 0.228530
0.000010 0.054474 0.668468 0.111701 0.165347
0.912285 0.000010 0.000010 0.000010 0.087685
0.272166 0.042183 0.507461 0.000010 0.178180
0.000010 0.000010 0.987000 0.000010 0.012970
0.000010 0.000010 0.110565 0.335970 0.553445
0.000010 0.000010 0.848087 0.000010 0.151883
0.000010 0.000010 0.999960 0.000010 0.000010
0.000010 0.000010 0.999960 0.000010 0.000010
0.000010 0.000010 0.999960 0.000010 0.000010
0.349107 0.000010 0.257301 0.393572 0.000010
0.000010 0.000010 0.171804 0.828166 0.000010
0.168842 0.000010 0.000010 0.831128 0.000010
0.130942 0.000010 0.098148 0.770890 0.000010
0.751990 0.000010 0.119611 0.000010 0.128379
0.528374 0.087838 0.166853 0.000010 0.216925
0.105104 0.000010 0.406429 0.000010 0.488447
0.081921 0.005660 0.043833 0.000010 0.868576
0.211922 0.000010 0.617970 0.000010 0.170088
0.000010 0.000010 0.172015 0.827955 0.000010
0.000010 0.000010 0.893863 0.000010 0.106107
0.265301 0.000010 0.107613 0.000010 0.627067
0.000010 0.000010 0.999960 0.000010 0.000010
0.000010 0.000010 0.999960 0.000010 0.000010
0.531928 0.168176 0.171642 0.011074 0.117181
0.000010 0.000010 0.999960 0.000010 0.000010
0.718919 0.000010 0.089007 0.000010 0.192054
0.664990 0.006860 0.326724 0.000010 0.001416
0.000010 0.000010 0.424208 0.426247 0.149524
0.350766 0.299638 0.207381 0.000010 0.142205
0.000010 0.000010 0.041382 0.000010 0.958588
0.306169 0.000010 0.421352 0.031214 0.241255
0.352723 0.361506 0.167714 0.000010 0.118047
0.029332 0.000010 0.163351 0.000010 0.807297
0.841198 0.000010 0.000010 0.000010 0.158772
0.000010 0.000010 0.000010 0.999960 0.000010
0.000010 0.000010 0.588285 0.000010 0.411685
0.000010 0.000010 0.654496 0.000010 0.345474
0.000010 0.000010 0.697301 0.000010 0.302669
0.000010 0.000010 0.999960 0.000010 0.000010
0.176699 0.000010 0.279618 0.543664 0.000010
0.714250 0.000010 0.203820 0.055580 0.026341
0.542534 0.144697 0.183536 0.000010 0.129223
0.026597 0.000010 0.865418 0.000010 0.107965
0.059167 0.000010 0.000010 0.000010 0.940803
0.000010 0.000010 0.839793 0.000010 0.160177
0.000010 0.000010 0.999960 0.000010 0.000010
0.000010 0.000010 0.999960 0.000010 0.000010
0.379972 0.000010 0.000010 0.000010 0.619998
0.000010 0.025236 0.000010 0.184536 0.790208
0.118481 0.000010 0.000010 0.449777 0.431722
0.000010 0.000010 0.751685 0.000010 0.248285
0.000010 0.036265 0.674010 0.000010 0.289705
0.000010 0.020045 0.650226 0.000010 0.329709
0.104475 0.298057 0.538964 0.000010 0.058493
0.000010 0.080498 0.632991 0.000010 0.286490
0.000010 0.349176 0.440941 0.209863 0.000010
0.029592 0.324283 0.434064 0.212051 0.000010
0.000010 0.000010 0.000010 0.999960 0.000010
0.525747 0.000010 0.386515 0.000010 0.087719
0.481122 0.000010 0.196103 0.154097 0.168669
0.000010 0.158052 0.679521 0.000010 0.162407
0.869930 0.000010 0.020561 0.000010 0.109489
0.679789 0.159639 0.160552 0.000010 0.000010
0.000010 0.000010 0.000010 0.999960 0.000010
0.000010 0.178909 0.711887 0.000010 0.109184
0.000010 0.000010 0.000010 0.999960 0.000010
0.000010 0.049194 0.475144 0.365640 0.110012
0.026032 0.000010 0.513008 0.000010 0.460940
0.000010 0.227751 0.593092 0.179138 0.000010
0.000010 0.000010 0.000010 0.999960 0.000010
0.619628 0.000010 0.103548 0.000010 0.276804
0.012278 0.000010 0.617734 0.000010 0.369967
0.000010 0.138926 0.861044 0.000010 0.000010
0.675089 0.000010 0.000010 0.000010 0.324881
0.000010 0.075883 0.573366 0.000010 0.350731
0.546741 0.000010 0.357994 0.000010 0.095245
0.264640 0.000010 0.510070 0.225270 0.000010
0.170308 0.000010 0.000010 0.649617 0.180055
0.000010 0.100979 0.552111 0.000010 0.346890
0.887914 0.000010 0.000010 0.000010 0.112056
0.120748 0.000010 0.597179 0.000010 0.282053
0.000010 0.000010 0.539452 0.000010 0.460518
0.000010 0.000010 0.000010 0.999960 0.000010
0.335973 0.045220 0.383080 0.056526 0.179202
0.278675 0.071921 0.599838 0.000010 0.049556
0.470283 0.000010 0.282580 0.000010 0.247117
0.999960 0.000010 0.000010 0.000010 0.000010
0.468345 0.000010 0.246702 0.000010 0.284933
0.869930 0.000010 0.020561 0.000010 0.109489
0.000010 0.189752 0.414288 0.025919 0.370031
0.727243 0.000010 0.108742 0.000010 0.163995
0.000010 0.179525 0.709202 0.000010 0.111253
0.344056 0.043008 0.380676 0.056338 0.175923
0.209657 0.000010 0.600546 0.000010 0.189776
0.207025 0.130002 0.604816 0.000010 0.058147
0.018430 0.000010 0.000010 0.981540 0.000010
0.212988 0.102600 0.684392 0.000010 0.000010
0.575485 0.000010 0.000010 0.000010 0.424485
0.000010 0.099049 0.343714 0.000010 0.557217
0.107797 0.074864 0.601306 0.000010 0.216022
0.000010 0.000010 0.670887 0.329083 0.000010
0.394121 0.000010 0.272134 0.137119 0.196616
0.327102 0.000010 0.531104 0.000010 0.141774
0.090712 0.103292 0.122065 0.000010 0.683922
0.000010 0.000010 0.562562 0.437408 0.000010
0.000010 0.093809 0.554067 0.000010 0.352104
0.000010 0.000010 0.162681 0.000010 0.837289
0.672924 0.000010 0.053685 0.000010 0.273371
0.476132 0.000010 0.317625 0.164328 0.041905
0.000010 0.073083 0.592875 0.000010 0.334023
0.000010 0.103088 0.553831 0.000010 0.343061
0.191691 0.000010 0.491571 0.027341 0.289386
0.000010 0.000010 0.737085 0.000010 0.262885
0.000010 0.000010 0.765918 0.000010 0.234052
0.789101 0.000010 0.210869 0.000010 0.000010
0.573478 0.000010 0.092665 0.000010 0.333836
0.283885 0.000010 0.171874 0.000010 0.544220
0.285166 0.000010 0.172385 0.000010 0.542429
0.572534 0.044739 0.193971 0.000010 0.188746
0.000010 0.000010 0.999960 0.000010 0.000010
0.525566 0.000010 0.109503 0.000010 0.364910
0.077375 0.272366 0.288378 0.057712 0.304170
0.496379 0.000010 0.000010 0.503591 0.000010
0.000010 0.000010 0.147815 0.841712 0.010453
0.000010 0.000010 0.320681 0.455201 0.224098
0.290060 0.246844 0.396062 0.000010 0.067023
0.000010 0.000010 0.727782 0.106501 0.165697
0.661005 0.000010 0.000010 0.338965 0.000010
0.239588 0.000010 0.097029 0.544905 0.118469
0.999960 0.000010 0.000010 0.000010 0.000010
0.536259 0.000010 0.251712 0.000010 0.212008
0.101020 0.226647 0.424722 0.247601 0.000010
0.375671 0.000010 0.000010 0.043714 0.580595
0.187274 0.000010 0.103383 0.709324 0.000010
0.000010 0.000010 0.671754 0.196490 0.131736
0.999960 0.000010 0.000010 0.000010 0.000010
0.000010 0.000010 0.999960 0.000010 0.000010
0.000010 0.044041 0.632114 0.000010 0.323825
0.212568 0.000010 0.300219 0.000010 0.487194
0.000010 0.000010 0.022605 0.000010 0.977365
0.000010 0.000010 0.000010 0.000010 0.999960
0.000010 0.000010 0.754493 0.000010 0.245477
0.000010 0.000010 0.780209 0.000010 0.219761
0.134506 0.032304 0.807405 0.000010 0.025776
0.000010 0.000010 0.999960 0.000010 0.000010
0.999960 0.000010 0.000010 0.000010 0.000010
0.862765 0.000010 0.000010 0.000010 0.137205
0.000010 0.000010 0.725672 0.000010 0.274298
0.519590 0.000010 0.000010 0.000010 0.480380
0.518381 0.030404 0.289341 0.000010 0.161864
0.000010 0.000010 0.115913 0.000010 0.884057
0.088294 0.000010 0.911676 0.000010 0.000010
0.999960 0.000010 0.000010 0.000010 0.000010
0.565578 0.000010 0.434392 0.000010 0.000010
0.465890 0.000010 0.000010 0.000010 0.534080
0.268652 0.000010 0.000010 0.000010 0.731318
0.515859 0.000010 0.394168 0.000010 0.089953
0.495017 0.000010 0.047142 0.000010 0.457821
0.362982 0.000010 0.000010 0.054974 0.582023
0.399295 0.000010 0.146845 0.000010 0.453839
0.694479 0.000010 0.000010 0.187152 0.118349
0.000010 0.000010 0.403755 0.000010 0.596215
0.379022 0.000010 0.477328 0.000010 0.143630
0.482534 0.000010 0.305991 0.000010 0.211455
0.000010 0.000010 0.999960 0.000010 0.000010
0.999960 0.000010 0.000010 0.000010 0.000010
0.795258 0.000010 0.000010 0.000010 0.204712
0.666898 0.000010 0.000010 0.333072 0.000010
0.999960 0.000010 0.000010 0.000010 0.000010
0.000010 0.000010 0.448826 0.000010 0.551144
0.483669 0.000010 0.267991 0.000010 0.248319
0.000010 0.000010 0.471905 0.385694 0.142381
0.533781 0.000010 0.466189 0.000010 0.000010
0.000010 0.000010 0.000010 0.947157 0.052813
0.595417 0.000010 0.000010 0.000010 0.404553
0.604064 0.000010 0.395906 0.000010 0.000010
0.000010 0.000010 0.999960 0.000010 0.000010
0.000010 0.000010 0.999960 0.000010 0.000010
0.000010 0.000010 0.999960 0.000010 0.000010
0.825913 0.000010 0.000010 0.000010 0.174057
0.000010 0.006627 0.983570 0.000010 0.009783
0.000010 0.000010 0.999960 0.000010 0.000010
0.000010 0.000010 0.999960 0.000010 0.000010
0.024215 0.000010 0.040082 0.896884 0.038809
0.232320 0.000010 0.000010 0.465385 0.302275
0.534050 0.000010 0.267386 0.000010 0.198544
0.000010 0.000010 0.999960 0.000010 0.000010
0.000010 0.000010 0.999960 0.000010 0.000010
0.000010 0.000010 0.999960 0.000010 0.000010
0.172505 0.654882 0.163736 0.000010 0.008867
0.000010 0.000010 0.568593 0.200454 0.230933
0.628322 0.000010 0.000010 0.000010 0.371648
0.000010 0.261612 0.468311 0.270056 0.000010
0.175484 0.000010 0.691697 0.000010 0.132799
0.000010 0.062804 0.623502 0.305187 0.008496
0.555558 0.000010 0.153428 0.290995 0.000010
0.000010 0.000010 0.273428 0.000010 0.726542
0.000010 0.072338 0.530525 0.311516 0.085612
0.000010 0.000010 0.999960 0.000010 0.000010
0.000725 0.000010 0.369282 0.474511 0.155472
0.000010 0.000010 0.999960 0.000010 0.000010
0.000010 0.000010 0.756270 0.000010 0.243700
0.000010 0.000010 0.000010 0.999960 0.000010
0.000010 0.011111 0.279549 0.337116 0.372214
0.488415 0.016568 0.494997 0.000010 0.000010
0.693872 0.000010 0.000010 0.000010 0.306098
0.000010 0.000010 0.999960 0.000010 0.000010
0.000010 0.000010 0.769150 0.000010 0.230820
0.000010 0.000010 0.731791 0.000010 0.268179
0.699841 0.000010 0.000010 0.000010 0.300129
0.699835 0.000010 0.000010 0.000010 0.300135
0.000010 0.000010 0.904545 0.032391 0.063045
0.000010 0.000010 0.993371 0.000010 0.006599
0.449129 0.000010 0.261218 0.000010 0.289633
0.000010 0.000010 0.654705 0.000010 0.345265
0.000010 0.514916 0.453266 0.000010 0.031797
0.368290 0.137307 0.111463 0.000010 0.382931
0.230639 0.000010 0.000010 0.769331 0.000010
0.370374 0.000010 0.320775 0.000010 0.308831
0.000010 0.000010 0.000010 0.000010 0.999960
0.000010 0.181588 0.478605 0.187811 0.151987
0.000010 0.308987 0.654209 0.000010 0.036784
0.266767 0.000010 0.387232 0.000010 0.345981
0.276478 0.000010 0.420068 0.000010 0.303434
0.283759 0.000010 0.423633 0.000010 0.292588
0.471205 0.000010 0.323735 0.000010 0.205040
0.155895 0.000010 0.477646 0.366439 0.000010
0.000010 0.000010 0.999960 0.000010 0.000010
0.000010 0.198019 0.611429 0.000010 0.190532
0.000010 0.000010 0.652162 0.159390 0.188428
0.000010 0.000010 0.681327 0.215299 0.103354
0.301470 0.387519 0.174041 0.000010 0.136961
0.000010 0.000010 0.826972 0.000010 0.172998
0.010432 0.000010 0.061091 0.000010 0.928456
0.000010 0.438603 0.000010 0.195400 0.365977
0.000010 0.000010 0.100600 0.000010 0.899370
0.000010 0.999960 0.000010 0.000010 0.000010
0.000010 0.000010 0.000010 0.221202 0.778768
0.111101 0.000010 0.000010 0.117896 0.770982
0.000010 0.214108 0.554947 0.068880 0.162055
0.000010 0.781772 0.184036 0.000010 0.034173
0.000010 0.207288 0.040192 0.442246 0.310265
0.089610 0.000010 0.044072 0.000010 0.866298
0.037064 0.738062 0.122652 0.000010 0.102212
0.000010 0.000010 0.000010 0.383598 0.616372
0.000010 0.008728 0.000010 0.000010 0.991242
0.000010 0.215127 0.035069 0.000010 0.749784
0.000010 0.782724 0.000010 0.035343 0.181913
0.000010 0.004546 0.022008 0.522926 0.450509
0.040601 0.938874 0.020504 0.000010 0.000010
0.191227 0.576356 0.000010 0.000010 0.232398
0.000010 0.756462 0.000010 0.243508 0.000010
0.000010 0.000010 0.300123 0.699847 0.000010
0.000010 0.000010 0.000010 0.470735 0.529235
0.000010 0.313266 0.173654 0.513061 0.000010
0.000010 0.000010 0.000010 0.999960 0.000010
0.000010 0.952632 0.000010 0.000010 0.047338
0.066750 0.200750 0.000010 0.732480 0.000010
0.041369 0.000010 0.005328 0.000010 0.953283
0.000010 0.000010 0.000010 0.000010 0.999960
0.170986 0.482028 0.000010 0.000010 0.346966
0.000010 0.151835 0.023427 0.000010 0.824718
0.000010 0.147147 0.000010 0.000010 0.852823
0.025901 0.000010 0.137664 0.769513 0.066912
0.000010 0.999960 0.000010 0.000010 0.000010
0.000010 0.000010 0.042339 0.790788 0.166853
0.047344 0.000010 0.000010 0.000010 0.952626
0.000010 0.059370 0.000010 0.000010 0.940600
0.000010 0.516825 0.000010 0.020395 0.462760
0.000010 0.503990 0.000010 0.026705 0.469285
0.000010 0.271737 0.403886 0.230767 0.093601
0.000010 0.140987 0.000010 0.000010 0.858983
0.472555 0.527415 0.000010 0.000010 0.000010
0.131394 0.192816 0.000010 0.675770 0.000010
0.000010 0.554777 0.000010 0.000010 0.445193
0.000010 0.069605 0.000010 0.000010 0.930365
0.015910 0.000010 0.000010 0.984060 0.000010
0.000010 0.323297 0.000010 0.000010 0.676673
0.000010 0.000010 0.000010 0.000010 0.999960
0.000010 0.000010 0.000010 0.332840 0.667130
0.055228 0.143528 0.000010 0.000010 0.801224
0.000010 0.000010 0.000010 0.000010 0.999960
0.000010 0.808664 0.084935 0.000010 0.106381
0.000010 0.853716 0.146254 0.000010 0.000010
0.000010 0.226489 0.000010 0.000010 0.773481
0.000010 0.000010 0.021006 0.000010 0.978964
0.041751 0.629876 0.000010 0.328353 0.000010
0.000010 0.361651 0.003182 0.635147 0.000010
0.000010 0.670338 0.000010 0.075522 0.254120
0.000010 0.229518 0.000010 0.000010 0.770452
0.350161 0.126778 0.042291 0.178772 0.301997
0.000010 0.209089 0.000010 0.000010 0.790881
0.099375 0.223784 0.057843 0.000010 0.618988
0.086397 0.115455 0.215987 0.484218 0.097943
0.000010 0.999960 0.000010 0.000010 0.000010
0.000010 0.396888 0.000010 0.000010 0.603082
0.000010 0.430245 0.120742 0.448993 0.000010
0.057069 0.000010 0.000010 0.000010 0.942901
0.000010 0.000010 0.000010 0.000010 0.999960
0.000010 0.769400 0.228761 0.000010 0.001819
0.000010 0.419651 0.132560 0.271504 0.176274
0.000010 0.616001 0.223392 0.000010 0.160587
0.000010 0.477499 0.000010 0.109625 0.412856
0.000010 0.430594 0.000010 0.346506 0.222880
0.000010 0.099203 0.000010 0.000010 0.900767
0.000010 0.454901 0.000010 0.000010 0.545069
0.000010 0.413139 0.000010 0.033564 0.553277
0.000010 0.000010 0.000010 0.000010 0.999960
0.377328 0.436890 0.070523 0.000010 0.115249
0.000010 0.443881 0.105170 0.098935 0.352005
0.000010 0.000010 0.237527 0.505996 0.256457
0.000010 0.146743 0.384993 0.415066 0.053188
0.000010 0.000010 0.000010 0.000010 0.999960
0.000010 0.123459 0.000010 0.852670 0.023852
0.000010 0.999960 0.000010 0.000010 0.000010
0.000010 0.000010 0.000010 0.520813 0.479157
0.045722 0.081938 0.245122 0.132128 0.495090
0.128779 0.091939 0.000010 0.779262 0.000010
0.345344 0.601067 0.000010 0.053568 0.000010
0.220486 0.000010 0.074754 0.704741 0.000010
0.000010 0.203333 0.132489 0.664158 0.000010
0.000010 0.626292 0.000010 0.200714 0.172974
0.000010 0.999960 0.000010 0.000010 0.000010
0.000010 0.650754 0.000010 0.000010 0.349216
0.134955 0.626763 0.000010 0.238263 0.000010
0.000010 0.569541 0.000010 0.307103 0.123336
0.000010 0.370885 0.000010 0.000010 0.629085
0.000010 0.000010 0.000010 0.950805 0.049165
0.000010 0.178318 0.000010 0.821652 0.000010
0.000010 0.000010 0.000010 0.868858 0.131112
0.000010 0.000010 0.042169 0.000010 0.957801
0.021824 0.384681 0.106893 0.202363 0.284239
0.000010 0.100893 0.000010 0.285519 0.613568
0.324303 0.384940 0.290736 0.000010 0.000010
0.000010 0.000010 0.000010 0.318396 0.681574
0.000010 0.556048 0.000010 0.000010 0.443922
0.423543 0.439529 0.136908 0.000010 0.000010
0.000010 0.634887 0.146553 0.000010 0.218540
0.000010 0.470615 0.000010 0.000010 0.529355
0.000010 0.999960 0.000010 0.000010 0.000010
0.000010 0.000010 0.588219 0.304158 0.107603
0.016502 0.000010 0.000010 0.000010 0.983468
0.359329 0.231370 0.136800 0.006236 0.266265
0.122711 0.198711 0.000010 0.000010 0.678558
0.082439 0.000010 0.148856 0.768686 0.000010
0.148437 0.494745 0.000010 0.356799 0.000010
0.000010 0.972205 0.000010 0.027765 0.000010
0.000010 0.007523 0.000603 0.157025 0.834839
0.194550 0.422410 0.015458 0.000010 0.367572
0.000010 0.000010 0.000010 0.000010 0.999960
0.000010 0.735689 0.135165 0.000010 0.129126
0.000010 0.000010 0.000010 0.120998 0.878972
0.000010 0.135784 0.000010 0.795985 0.068211
0.000010 0.186461 0.000010 0.000010 0.813509
0.276064 0.322281 0.183307 0.000010 0.218338
0.292635 0.225359 0.132648 0.121025 0.228334
0.000010 0.000010 0.000010 0.000010 0.999960
0.000010 0.131239 0.000010 0.000010 0.868731
0.000010 0.513875 0.087492 0.398613 0.000010
0.005194 0.994776 0.000010 0.000010 0.000010
0.000010 0.999960 0.000010 0.000010 0.000010
0.240661 0.445216 0.015885 0.000010 0.298228
0.000010 0.210085 0.000010 0.069413 0.720482
0.000010 0.000010 0.084741 0.159772 0.755467
0.000010 0.484148 0.000010 0.000010 0.515822
0.000010 0.998220 0.001750 0.000010 0.000010
0.000010 0.061181 0.000010 0.000010 0.938789
0.000010 0.000010 0.000010 0.000010 0.999960
0.000010 0.000010 0.000010 0.000010 0.999960
0.000010 0.149739 0.000010 0.074248 0.775993
0.034425 0.704344 0.028558 0.000010 0.232663
0.148742 0.222925 0.136758 0.366307 0.125269
0.000010 0.999960 0.000010 0.000010 0.000010
0.000010 0.171449 0.000010 0.828521 0.000010
0.000010 0.000010 0.000010 0.000010 0.999960
0.000010 0.999960 0.000010 0.000010 0.000010
0.000010 0.266282 0.000010 0.113773 0.619925
0.000010 0.000010 0.000010 0.181393 0.818577
0.048984 0.643745 0.227492 0.000010 0.079769
0.023308 0.094439 0.000010 0.000010 0.882233
0.000010 0.000010 0.000010 0.000010 0.999960
0.000010 0.000010 0.000010 0.999960 0.000010
0.000010 0.335787 0.045709 0.618484 0.000010
0.097940 0.876907 0.020624 0.004520 0.000010
