0.000010 0.000010 0.346926 0.000010 0.653034 0.000010
0.016372 0.501990 0.000010 0.000010 0.481608 0.000010
0.014877 0.497232 0.000010 0.000010 0.487861 0.000010
0.000010 0.126448 0.312148 0.030405 0.476106 0.054882
0.000010 0.000010 0.999950 0.000010 0.000010 0.000010
0.000402 0.584040 0.315933 0.000010 0.099605 0.000010
0.067041 0.272596 0.000010 0.000010 0.660334 0.000010
0.000010 0.268837 0.000010 0.084356 0.646777 0.000010
0.000010 0.000010 0.999950 0.000010 0.000010 0.000010
0.000010 0.000010 0.000010 0.000010 0.918392 0.081568
0.000010 0.797644 0.202316 0.000010 0.000010 0.000010
0.000010 0.261562 0.323342 0.266159 0.148917 0.000010
0.000010 0.019581 0.690810 0.000010 0.210460 0.079129
0.000010 0.569845 0.394283 0.000010 0.035842 0.000010
0.000010 0.094339 0.639630 0.000010 0.204039 0.061972
0.000010 0.775510 0.000010 0.000010 0.224450 0.000010
0.000010 0.175408 0.000010 0.000010 0.824552 0.000010
0.000010 0.000010 0.999950 0.000010 0.000010 0.000010
0.000010 0.242058 0.208958 0.000010 0.548954 0.000010
0.004205 0.038330 0.318249 0.447299 0.184894 0.007022
0.000010 0.301092 0.114736 0.101384 0.482768 0.000010
0.000010 0.261000 0.563066 0.063889 0.112024 0.000010
0.004904 0.323371 0.000010 0.000010 0.186501 0.485204
0.017534 0.504735 0.477701 0.000010 0.000010 0.000010
0.036360 0.578655 0.140021 0.000010 0.142968 0.101986
0.009539 0.123374 0.501452 0.000010 0.365615 0.000010
0.026502 0.106217 0.155484 0.228940 0.446001 0.036857
0.025939 0.876060 0.000010 0.097971 0.000010 0.000010
0.000010 0.000010 0.951859 0.000010 0.048101 0.000010
0.000010 0.049923 0.146860 0.000010 0.717994 0.085203
0.000010 0.139359 0.296730 0.129535 0.434356 0.000010
0.043603 0.105775 0.248693 0.195184 0.406736 0.000010
0.000010 0.338963 0.000010 0.000010 0.660997 0.000010
0.000010 0.682085 0.317875 0.000010 0.000010 0.000010
0.000010 0.114325 0.180524 0.000010 0.609018 0.096112
0.034513 0.271986 0.529278 0.072744 0.091469 0.000010
0.000010 0.063700 0.189716 0.000010 0.197936 0.548629
0.000010 0.000010 0.073764 0.000010 0.813976 0.112231
0.000010 0.511047 0.289340 0.079519 0.120075 0.000010
0.000010 0.211415 0.629164 0.000010 0.159391 0.000010
0.101041 0.000010 0.000010 0.790610 0.108319 0.000010
0.000010 0.184040 0.079619 0.114803 0.562105 0.059423
0.000010 0.239930 0.202241 0.243526 0.314283 0.000010
0.000010 0.357399 0.345128 0.227839 0.069614 0.000010
0.023546 0.258117 0.234839 0.000010 0.483477 0.000010
0.000010 0.201285 0.332734 0.000010 0.194646 0.271316
0.309454 0.445987 0.000010 0.094124 0.150415 0.000010
0.000010 0.478993 0.065248 0.000010 0.455729 0.000010
0.000010 0.050635 0.000010 0.000010 0.945442 0.003893
0.000010 0.000010 0.451768 0.000010 0.548192 0.000010
0.053420 0.668359 0.278191 0.000010 0.000010 0.000010
0.005259 0.000010 0.000010 0.000010 0.994701 0.000010
0.015626 0.326827 0.042940 0.609083 0.005514 0.000010
0.000010 0.264807 0.326094 0.280347 0.128732 0.000010
0.022305 0.211558 0.000010 0.250462 0.515655 0.000010
0.000010 0.144942 0.000010 0.144760 0.710268 0.000010
0.000010 0.765503 0.055311 0.011031 0.168134 0.000010
0.000010 0.872009 0.000010 0.000010 0.127951 0.000010
0.000010 0.025818 0.069314 0.000010 0.731464 0.173384
0.084659 0.125671 0.000010 0.177454 0.612196 0.000010
0.000010 0.307250 0.595457 0.000010 0.097264 0.000010
0.000010 0.000010 0.000010 0.000010 0.999950 0.000010
0.000010 0.081111 0.348093 0.009855 0.478176 0.082754
0.000010 0.000010 0.336262 0.400120 0.263587 0.000010
0.000010 0.000010 0.375005 0.624955 0.000010 0.000010
0.019523 0.614183 0.366263 0.000010 0.000010 0.000010
0.000010 0.000010 0.000010 0.000010 0.999950 0.000010
0.000010 0.670999 0.000010 0.000010 0.328961 0.000010
0.000010 0.106036 0.000010 0.000010 0.133893 0.760041
0.000010 0.000010 0.145953 0.000010 0.000010 0.854007
0.000010 0.000010 0.167921 0.694947 0.000010 0.137102
0.000010 0.000010 0.064768 0.764890 0.000010 0.170311
0.000010 0.000010 0.000010 0.833406 0.000010 0.166554
0.137376 0.127551 0.000010 0.227616 0.000010 0.507436
0.000010 0.021072 0.000010 0.713726 0.000010 0.265172
0.000010 0.000010 0.000010 0.000010 0.000010 0.999950
0.000010 0.115577 0.124764 0.000010 0.000010 0.759628
0.000010 0.000010 0.000010 0.095188 0.157004 0.747779
0.086636 0.038954 0.205936 0.446646 0.000010 0.221817
0.245653 0.336007 0.418310 0.000010 0.000010 0.000010
0.000010 0.000010 0.000010 0.000010 0.000010 0.999950
0.000010 0.000010 0.000010 0.000010 0.000010 0.999950
0.000010 0.000010 0.000010 0.791923 0.000010 0.208037
0.000010 0.000010 0.000010 0.000010 0.000010 0.999950
0.026395 0.224888 0.000010 0.000010 0.000010 0.748688
0.324948 0.241490 0.000010 0.433532 0.000010 0.000010
0.000010 0.999950 0.000010 0.000010 0.000010 0.000010
0.049982 0.219512 0.000010 0.398716 0.110285 0.221495
0.000010 0.999950 0.000010 0.000010 0.000010 0.000010
0.000010 0.257335 0.000010 0.742625 0.000010 0.000010
0.000010 0.482292 0.000010 0.000010 0.209619 0.308060
0.000010 0.000010 0.000010 0.000010 0.000010 0.999950
0.022545 0.000010 0.090079 0.657874 0.000010 0.229481
0.000010 0.999950 0.000010 0.000010 0.000010 0.000010
0.000010 0.999950 0.000010 0.000010 0.000010 0.000010
0.179364 0.382021 0.000010 0.000010 0.110306 0.328289
0.039554 0.007475 0.000010 0.297855 0.000010 0.655096
0.000010 0.028057 0.183369 0.788545 0.000010 0.000010
0.000010 0.000010 0.000010 0.000010 0.058582 0.941378
0.020333 0.326517 0.000010 0.000010 0.000010 0.653120
0.073859 0.461616 0.000010 0.464495 0.000010 0.000010
0.042575 0.423029 0.000010 0.534366 0.000010 0.000010
0.000010 0.000010 0.000010 0.000010 0.000010 0.999950
0.263213 0.160690 0.000010 0.175230 0.000010 0.400847
0.310286 0.292951 0.000010 0.396733 0.000010 0.000010
0.000010 0.042278 0.000010 0.917096 0.000010 0.040596
0.000010 0.442234 0.000010 0.557726 0.000010 0.000010
0.000010 0.062821 0.000010 0.652118 0.000010 0.285031
0.000010 0.000010 0.000010 0.000010 0.000010 0.999950
0.251456 0.165929 0.261021 0.311065 0.010520 0.000010
0.000010 0.603259 0.000010 0.000010 0.000010 0.396701
0.000010 0.843363 0.063760 0.022844 0.000010 0.070014
0.000010 0.731994 0.064856 0.000010 0.000010 0.203120
0.239266 0.280420 0.000010 0.000010 0.000010 0.480284
0.003988 0.095565 0.000010 0.442882 0.039543 0.418014
0.000010 0.490259 0.000010 0.387833 0.000010 0.121878
0.000010 0.022565 0.000010 0.713400 0.000010 0.264005
0.087622 0.182714 0.000010 0.498996 0.230648 0.000010
0.000010 0.199384 0.000010 0.416546 0.000010 0.384039
0.000010 0.372835 0.000010 0.538531 0.000010 0.088604
0.000010 0.100374 0.000010 0.000010 0.177386 0.722210
0.000010 0.287807 0.000010 0.202434 0.000010 0.509729
0.000010 0.650052 0.000010 0.000010 0.333165 0.016753
0.260486 0.573987 0.000010 0.000010 0.165497 0.000010
0.051005 0.869118 0.000010 0.020454 0.000010 0.059402
0.109208 0.000010 0.510793 0.379969 0.000010 0.000010
0.000010 0.000010 0.000010 0.000010 0.000010 0.999950
0.000010 0.483869 0.000010 0.000010 0.000010 0.516091
0.000010 0.000010 0.000010 0.000010 0.000010 0.999950
0.000010 0.000010 0.000010 0.000010 0.000010 0.999950
0.000010 0.999950 0.000010 0.000010 0.000010 0.000010
0.000010 0.999950 0.000010 0.000010 0.000010 0.000010
0.123862 0.186928 0.000010 0.612936 0.000010 0.076254
0.000010 0.002813 0.000010 0.000010 0.000010 0.997147
0.000010 0.000010 0.160357 0.186111 0.000010 0.653502
0.000010 0.000010 0.071306 0.000010 0.000010 0.928654
0.000010 0.005975 0.000010 0.000010 0.000010 0.993985
0.999950 0.000010 0.000010 0.000010 0.000010 0.000010
0.999950 0.000010 0.000010 0.000010 0.000010 0.000010
0.000010 0.478488 0.000010 0.457056 0.000010 0.064426
0.065521 0.446002 0.000010 0.005321 0.000010 0.483136
0.315520 0.000010 0.073851 0.169036 0.049583 0.392000
0.999950 0.000010 0.000010 0.000010 0.000010 0.000010
0.000010 0.683705 0.000010 0.000010 0.064802 0.251463
0.000010 0.999950 0.000010 0.000010 0.000010 0.000010
0.999950 0.000010 0.000010 0.000010 0.000010 0.000010
0.279908 0.000010 0.000010 0.340757 0.000010 0.379304
0.999950 0.000010 0.000010 0.000010 0.000010 0.000010
0.000010 0.000010 0.000010 0.000010 0.000010 0.999950
0.000010 0.773060 0.000010 0.000010 0.000010 0.226900
0.107960 0.458321 0.000010 0.433689 0.000010 0.000010
0.000010 0.000010 0.357645 0.000010 0.000010 0.642315
0.000010 0.999950 0.000010 0.000010 0.000010 0.000010
0.156799 0.000010 0.412435 0.078804 0.000010 0.351942
0.000010 0.438130 0.000010 0.561830 0.000010 0.000010
0.000010 0.000010 0.468957 0.000010 0.000010 0.531003
0.318398 0.000010 0.218726 0.000010 0.000010 0.462846
0.000010 0.000010 0.000010 0.000010 0.000010 0.999950
0.999950 0.000010 0.000010 0.000010 0.000010 0.000010
0.164654 0.040568 0.000010 0.794747 0.000010 0.000010
0.698384 0.289767 0.000010 0.000010 0.000010 0.011819
0.000010 0.000010 0.000010 0.000010 0.000010 0.999950
0.999950 0.000010 0.000010 0.000010 0.000010 0.000010
0.000010 0.000010 0.000010 0.999950 0.000010 0.000010
0.000010 0.000010 0.000010 0.000010 0.000010 0.999950
0.090090 0.527445 0.000010 0.000010 0.000010 0.382435
0.000010 0.881758 0.000010 0.000010 0.000010 0.118202
0.000010 0.250155 0.000010 0.000010 0.000010 0.749805
0.000010 0.982586 0.000010 0.000010 0.017374 0.000010
0.162322 0.293866 0.000010 0.273429 0.030945 0.239428
0.154802 0.371826 0.000010 0.262726 0.000010 0.210626
0.000010 0.000010 0.000010 0.999950 0.000010 0.000010
0.040097 0.182756 0.000010 0.000010 0.000010 0.777117
0.033470 0.000010 0.032151 0.043568 0.000010 0.890790
0.000010 0.000010 0.000010 0.000010 0.000010 0.999950
0.000010 0.000010 0.000010 0.185166 0.000010 0.814794
0.130196 0.264691 0.000010 0.103989 0.035030 0.466084
0.000010 0.000010 0.081667 0.918293 0.000010 0.000010
0.000010 0.000010 0.000010 0.000010 0.000010 0.999950
0.000010 0.000010 0.000010 0.999950 0.000010 0.000010
0.024445 0.000010 0.000010 0.241013 0.025429 0.709093
0.000010 0.000010 0.000010 0.000010 0.000010 0.999950
0.000010 0.000010 0.000010 0.513121 0.050961 0.435889
0.000010 0.000010 0.000010 0.999950 0.000010 0.000010
0.000010 0.123416 0.000010 0.684816 0.000010 0.191738
0.000010 0.000010 0.000010 0.002004 0.000010 0.997956
0.000010 0.351839 0.000010 0.000010 0.000010 0.648121
0.416914 0.146812 0.000010 0.000010 0.000010 0.436244
0.000010 0.042405 0.000010 0.000010 0.000010 0.957555
0.257348 0.050232 0.000010 0.000010 0.000010 0.692389
0.221266 0.035471 0.000010 0.195801 0.000010 0.547442
0.070002 0.000010 0.689430 0.163189 0.000010 0.077360
0.000010 0.000010 0.000010 0.000010 0.000010 0.999950
0.392268 0.000010 0.000010 0.238277 0.000010 0.369426
0.053501 0.291278 0.000010 0.000010 0.000010 0.655192
0.000010 0.159204 0.000010 0.210952 0.000010 0.629814
0.000010 0.000010 0.000010 0.909294 0.000010 0.090666
0.000010 0.094491 0.000010 0.050986 0.000010 0.854494
0.053674 0.000010 0.000010 0.043302 0.000010 0.902994
0.000010 0.241801 0.000010 0.000010 0.000010 0.758159
0.609727 0.200319 0.000010 0.000010 0.000010 0.189925
0.000010 0.999950 0.000010 0.000010 0.000010 0.000010
0.000010 0.000010 0.000010 0.185166 0.000010 0.814794
0.000010 0.000010 0.000010 0.163826 0.183616 0.652528
0.289103 0.183764 0.000010 0.000010 0.000010 0.527103
0.000010 0.000010 0.000010 0.000010 0.000010 0.999950
0.000010 0.095537 0.000010 0.050567 0.000010 0.853866
0.028733 0.000010 0.000010 0.000010 0.000010 0.971227
0.000010 0.240009 0.000010 0.000010 0.000010 0.759951
0.000010 0.000010 0.000010 0.999950 0.000010 0.000010
0.082981 0.851190 0.000010 0.000010 0.000010 0.065799
0.046114 0.774605 0.000010 0.026805 0.000010 0.152457
0.026649 0.000010 0.101232 0.000010 0.073425 0.798674
0.000010 0.000010 0.000010 0.365965 0.000010 0.633995
0.000010 0.161838 0.000010 0.620196 0.000010 0.217935
0.000010 0.000010 0.000010 0.052442 0.000010 0.947518
0.000010 0.785360 0.000010 0.000010 0.000010 0.214600
0.277692 0.217200 0.000010 0.000010 0.091443 0.413645
0.024571 0.201573 0.113716 0.563491 0.000010 0.096639
0.000010 0.000010 0.000010 0.000010 0.000010 0.999950
0.000010 0.011895 0.000010 0.361439 0.000010 0.626635
0.000010 0.149914 0.000010 0.659717 0.000010 0.190339
0.000010 0.000010 0.000010 0.042240 0.000010 0.957720
0.000010 0.079478 0.000010 0.000010 0.000010 0.920482
0.000010 0.000010 0.000010 0.000010 0.000010 0.999950
0.000010 0.597023 0.000010 0.038027 0.000010 0.364920
0.000010 0.000010 0.000010 0.000010 0.000010 0.999950
0.000010 0.000010 0.000010 0.000010 0.000010 0.999950
0.000010 0.000010 0.000010 0.833733 0.000010 0.166227
0.346928 0.305310 0.000010 0.037423 0.000010 0.310319
0.000010 0.000010 0.000010 0.000010 0.000010 0.999950
0.000010 0.000010 0.000010 0.000010 0.000010 0.999950
0.447687 0.000010 0.000010 0.056200 0.000010 0.496082
0.000010 0.000010 0.000010 0.000010 0.000010 0.999950
0.000010 0.051801 0.000010 0.651830 0.000010 0.296339
0.000010 0.000010 0.000010 0.226714 0.549013 0.224243
0.136588 0.000010 0.000010 0.785523 0.000010 0.077859
0.000010 0.000010 0.000010 0.999950 0.000010 0.000010
0.000010 0.000010 0.094788 0.406260 0.000010 0.498922
0.000010 0.000010 0.000010 0.143438 0.037179 0.819353
0.000010 0.059973 0.767088 0.066126 0.000010 0.106793
0.999950 0.000010 0.000010 0.000010 0.000010 0.000010
0.215887 0.000010 0.452098 0.155230 0.000010 0.176766
0.999950 0.000010 0.000010 0.000010 0.000010 0.000010
0.085674 0.872501 0.000010 0.000010 0.000010 0.041795
0.000010 0.005565 0.000010 0.276357 0.000010 0.718049
0.431023 0.000010 0.568937 0.000010 0.000010 0.000010
0.000010 0.000010 0.623320 0.376640 0.000010 0.000010
0.000010 0.624871 0.375089 0.000010 0.000010 0.000010
0.999950 0.000010 0.000010 0.000010 0.000010 0.000010
0.000010 0.000010 0.000010 0.000010 0.000010 0.999950
0.000010 0.895948 0.000010 0.000010 0.000010 0.104012
0.000010 0.288818 0.000010 0.142235 0.000010 0.568917
0.000010 0.000010 0.000010 0.000010 0.000010 0.999950
0.000010 0.000010 0.000010 0.000010 0.000010 0.999950
0.000010 0.032110 0.000010 0.000010 0.000010 0.967850
0.000010 0.000010 0.000010 0.000010 0.000010 0.999950
0.000010 0.999950 0.000010 0.000010 0.000010 0.000010
0.000010 0.000010 0.000010 0.000010 0.000010 0.999950
0.999950 0.000010 0.000010 0.000010 0.000010 0.000010
0.999950 0.000010 0.000010 0.000010 0.000010 0.000010
0.000010 0.000010 0.000010 0.000010 0.000010 0.999950
0.999950 0.000010 0.000010 0.000010 0.000010 0.000010
0.041783 0.906990 0.051197 0.000010 0.000010 0.000010
0.000010 0.000010 0.000010 0.478903 0.000010 0.521057
0.047683 0.000010 0.201803 0.009832 0.000010 0.740663
0.999950 0.000010 0.000010 0.000010 0.000010 0.000010
0.000010 0.999950 0.000010 0.000010 0.000010 0.000010
0.999950 0.000010 0.000010 0.000010 0.000010 0.000010
0.000010 0.846473 0.000010 0.000010 0.000010 0.153487
0.000010 0.999950 0.000010 0.000010 0.000010 0.000010
0.000010 0.674757 0.000010 0.000010 0.047643 0.277570
0.438119 0.000010 0.548325 0.000010 0.013526 0.000010
0.000010 0.972694 0.000010 0.000010 0.000010 0.027266
0.999950 0.000010 0.000010 0.000010 0.000010 0.000010
0.000010 0.000010 0.000010 0.289380 0.000010 0.710580
0.000010 0.607043 0.000010 0.000010 0.000010 0.392917
0.334729 0.000010 0.000010 0.000010 0.000010 0.665231
0.000010 0.000010 0.000010 0.000010 0.000010 0.999950
0.999950 0.000010 0.000010 0.000010 0.000010 0.000010
0.999950 0.000010 0.000010 0.000010 0.000010 0.000010
0.999950 0.000010 0.000010 0.000010 0.000010 0.000010
0.999950 0.000010 0.000010 0.000010 0.000010 0.000010
0.000013 0.020472 0.000010 0.277720 0.000010 0.701776
0.000010 0.000010 0.000010 0.000010 0.000010 0.999950
0.000010 0.000010 0.318052 0.084527 0.000010 0.597391
0.000010 0.999950 0.000010 0.000010 0.000010 0.000010
0.000010 0.000010 0.230087 0.769873 0.000010 0.000010
0.999950 0.000010 0.000010 0.000010 0.000010 0.000010
0.210645 0.789315 0.000010 0.000010 0.000010 0.000010
0.000010 0.000010 0.000010 0.000010 0.000010 0.999950
0.000010 0.000010 0.000010 0.000010 0.000010 0.999950
0.000010 0.000010 0.000010 0.000010 0.000010 0.999950
0.999950 0.000010 0.000010 0.000010 0.000010 0.000010
0.000010 0.916149 0.000010 0.000010 0.000010 0.083811
0.000010 0.999950 0.000010 0.000010 0.000010 0.000010
0.000010 0.979214 0.000010 0.000010 0.000010 0.020746
0.000010 0.000010 0.227292 0.737181 0.035496 0.000010
0.058249 0.000010 0.000010 0.762907 0.053599 0.125225
0.000010 0.000010 0.000010 0.000010 0.000010 0.999950
0.000010 0.999950 0.000010 0.000010 0.000010 0.000010
0.000010 0.999950 0.000010 0.000010 0.000010 0.000010
0.000010 0.999950 0.000010 0.000010 0.000010 0.000010
0.039541 0.000010 0.000010 0.000010 0.734080 0.226349
0.000010 0.020711 0.539243 0.000010 0.000010 0.440016
0.014042 0.165742 0.488679 0.135934 0.195593 0.000010
0.000010 0.936788 0.063172 0.000010 0.000010 0.000010
0.000010 0.000010 0.999950 0.000010 0.000010 0.000010
0.000010 0.000010 0.000010 0.000010 0.999950 0.000010
0.000010 0.000010 0.632406 0.151165 0.216399 0.000010
0.000010 0.000010 0.000010 0.000010 0.999950 0.000010
0.007437 0.192167 0.000010 0.186140 0.614236 0.000010
0.000010 0.000010 0.095318 0.000016 0.904636 0.000010
0.000010 0.110139 0.000010 0.000010 0.508513 0.381318
0.000010 0.000010 0.999950 0.000010 0.000010 0.000010
0.026565 0.000010 0.973395 0.000010 0.000010 0.000010
0.019322 0.000010 0.060182 0.000010 0.833365 0.087111
0.000010 0.000010 0.594634 0.405326 0.000010 0.000010
0.000010 0.000010 0.862627 0.000010 0.137333 0.000010
0.000010 0.054872 0.186741 0.000010 0.000010 0.758356
0.000010 0.153857 0.607697 0.000010 0.238416 0.000010
0.024448 0.079542 0.174489 0.210671 0.510840 0.000010
0.039053 0.825487 0.000010 0.025157 0.110283 0.000010
0.000010 0.000010 0.021868 0.702485 0.275617 0.000010
0.000010 0.000010 0.737249 0.000010 0.000010 0.262711
0.015283 0.391528 0.149695 0.131785 0.311700 0.000010
0.000010 0.000010 0.000010 0.000010 0.999950 0.000010
0.000010 0.055182 0.464643 0.079660 0.400495 0.000010
0.000010 0.000010 0.867677 0.000010 0.132283 0.000010
0.046824 0.000010 0.000010 0.000010 0.953136 0.000010
0.000010 0.184790 0.000010 0.547277 0.267903 0.000010
0.000010 0.000010 0.266265 0.032971 0.700733 0.000010
0.000010 0.000010 0.000010 0.389246 0.610714 0.000010
0.000010 0.000937 0.806671 0.000010 0.097363 0.095008
0.000010 0.000010 0.000010 0.000010 0.968088 0.031872
0.000010 0.447738 0.245630 0.000010 0.256795 0.049818
0.000010 0.000010 0.000014 0.247876 0.752080 0.000010
0.000010 0.000010 0.784314 0.000010 0.162810 0.052846
0.000010 0.472543 0.166868 0.136489 0.219961 0.004130
0.251753 0.000010 0.748207 0.000010 0.000010 0.000010
0.000010 0.000010 0.000010 0.641293 0.358667 0.000010
0.000010 0.566380 0.000010 0.082829 0.350762 0.000010
0.029600 0.000010 0.850844 0.119526 0.000010 0.000010
0.000010 0.622933 0.000010 0.000010 0.377027 0.000010
0.000010 0.000010 0.817683 0.004934 0.084315 0.093048
0.000010 0.000010 0.589093 0.410867 0.000010 0.000010
0.002711 0.000010 0.348947 0.277857 0.342132 0.028342
0.018928 0.000010 0.035265 0.000010 0.911386 0.034400
0.133997 0.007337 0.177669 0.552860 0.128127 0.000010
0.000010 0.007248 0.452603 0.540119 0.000010 0.000010
0.041797 0.361068 0.238881 0.143491 0.214753 0.000010
0.000010 0.000010 0.611609 0.039972 0.348390 0.000010
0.000010 0.123373 0.876587 0.000010 0.000010 0.000010
0.000010 0.499939 0.261056 0.000010 0.238975 0.000010
0.000010 0.000010 0.999950 0.000010 0.000010 0.000010
0.000010 0.000010 0.316031 0.683929 0.000010 0.000010
0.000010 0.000010 0.340382 0.659578 0.000010 0.000010
0.000010 0.191156 0.000010 0.510796 0.298018 0.000010
0.000010 0.203933 0.000010 0.465877 0.330160 0.000010
0.064781 0.337842 0.059943 0.462933 0.067826 0.006674
0.000010 0.000010 0.000010 0.000010 0.765890 0.234070
0.016599 0.000010 0.238766 0.000010 0.650382 0.094233
0.000010 0.192657 0.091131 0.502813 0.213379 0.000010
0.000010 0.224071 0.004355 0.597626 0.173928 0.000010
0.042673 0.781430 0.000010 0.000010 0.175867 0.000010
0.000010 0.520218 0.333763 0.000010 0.145989 0.000010
0.000010 0.030835 0.000010 0.000010 0.964592 0.004543
0.000010 0.000010 0.000010 0.168101 0.831859 0.000010
0.000010 0.000010 0.999950 0.000010 0.000010 0.000010
0.000010 0.137697 0.206469 0.160261 0.404976 0.090587
0.000010 0.000010 0.727824 0.000010 0.272136 0.000010
0.000010 0.000010 0.097630 0.558121 0.106626 0.237603
0.000010 0.632250 0.048272 0.000010 0.319448 0.000010
0.000010 0.000010 0.000010 0.495074 0.504886 0.000010
0.000010 0.000010 0.723096 0.276864 0.000010 0.000010
0.000010 0.000010 0.000010 0.000010 0.999950 0.000010
0.000010 0.031165 0.617422 0.349787 0.000010 0.001606
0.000010 0.145216 0.548301 0.257549 0.048914 0.000010
0.010908 0.000010 0.000010 0.493772 0.495290 0.000010
0.000010 0.046705 0.329329 0.000010 0.286556 0.337390
0.000010 0.000010 0.696766 0.135160 0.168044 0.000010
0.000010 0.000010 0.282906 0.090952 0.626112 0.000010
0.000010 0.000018 0.146618 0.694840 0.158504 0.000010
0.015161 0.126428 0.129745 0.387723 0.340934 0.000010
0.000010 0.058777 0.863256 0.000010 0.077937 0.000010
0.000010 0.000010 0.000010 0.489991 0.509969 0.000010
0.016629 0.067329 0.171492 0.367474 0.336188 0.040887
0.000010 0.000010 0.908493 0.000010 0.000010 0.091467
0.000010 0.000010 0.510841 0.363023 0.126106 0.000010
0.000010 0.093280 0.000010 0.206002 0.664421 0.036278
0.000010 0.237039 0.000010 0.032878 0.730053 0.000010
0.000010 0.191251 0.000010 0.026250 0.771365 0.011114
0.000010 0.000010 0.674343 0.000010 0.295533 0.030094
0.000010 0.393190 0.000010 0.000010 0.606770 0.000010
0.129818 0.782819 0.000010 0.000010 0.087332 0.000010
0.000010 0.094457 0.000010 0.168311 0.561734 0.175478
0.024824 0.000010 0.000010 0.444400 0.530745 0.000010
0.019711 0.172140 0.255298 0.129755 0.423086 0.000010
0.000010 0.000010 0.918577 0.000010 0.000010 0.081383
0.000010 0.000010 0.290942 0.000010 0.243428 0.465600
0.000010 0.000010 0.594609 0.110668 0.294693 0.000010
0.000010 0.130693 0.000010 0.000010 0.869267 0.000010
0.000010 0.024695 0.121927 0.000010 0.492005 0.361353
0.058312 0.011256 0.208425 0.234934 0.487063 0.000010
0.000010 0.092942 0.373038 0.000010 0.533989 0.000010
0.021763 0.000010 0.978197 0.000010 0.000010 0.000010
0.000010 0.000010 0.084123 0.074918 0.840929 0.000010
0.000010 0.097029 0.219963 0.046900 0.636088 0.000010
0.000010 0.000010 0.379881 0.000010 0.544346 0.075743
0.000010 0.000010 0.000010 0.147539 0.852421 0.000010
0.000010 0.310119 0.000010 0.182864 0.506988 0.000010
0.000010 0.000010 0.000010 0.251483 0.748477 0.000010
0.000010 0.838246 0.000010 0.000010 0.161714 0.000010
0.000010 0.000010 0.000010 0.150310 0.849650 0.000010
0.000010 0.324775 0.181634 0.082419 0.411152 0.000010
0.000010 0.000010 0.000010 0.312965 0.686995 0.000010
0.065762 0.163160 0.771048 0.000010 0.000010 0.000010
0.000010 0.000017 0.215690 0.000010 0.592907 0.191366
0.000010 0.420347 0.441457 0.138167 0.000010 0.000010
0.000010 0.533942 0.162501 0.014603 0.288934 0.000010
0.000010 0.129995 0.000010 0.000010 0.869965 0.000010
0.000010 0.000010 0.000010 0.999950 0.000010 0.000010
0.000010 0.000010 0.881352 0.000010 0.118608 0.000010
0.000010 0.031004 0.815421 0.000010 0.153546 0.000010
0.000010 0.013272 0.289187 0.148867 0.548654 0.000010
0.000010 0.000010 0.000010 0.730022 0.269938 0.000010
0.000010 0.000010 0.999950 0.000010 0.000010 0.000010
0.000010 0.443339 0.000010 0.211079 0.345552 0.000010
0.000010 0.000010 0.000010 0.380622 0.619338 0.000010
0.000010 0.270148 0.000010 0.473850 0.255972 0.000010
0.000010 0.000010 0.000010 0.415068 0.584892 0.000010
0.000013 0.161961 0.837991 0.000010 0.000015 0.000010
0.000894 0.000010 0.207589 0.145048 0.646449 0.000010
0.000010 0.000010 0.025992 0.508520 0.465459 0.000010
0.000010 0.000010 0.000010 0.000010 0.999950 0.000010
0.000010 0.000010 0.000010 0.000010 0.999950 0.000010
0.000014 0.000010 0.038712 0.000010 0.961244 0.000010
0.010091 0.003371 0.595558 0.059633 0.331337 0.000010
0.000010 0.179509 0.820451 0.000010 0.000010 0.000010
0.000010 0.000010 0.522419 0.039046 0.438505 0.000010
0.043604 0.701286 0.168019 0.000010 0.087072 0.000010
0.000010 0.000010 0.194579 0.148853 0.656537 0.000010
0.000010 0.000010 0.081566 0.542439 0.375965 0.000010
0.095215 0.156812 0.350832 0.000010 0.397121 0.000010
0.000010 0.583931 0.000010 0.230579 0.185460 0.000010
0.000010 0.774288 0.000010 0.225672 0.000010 0.000010
0.002131 0.178719 0.511879 0.000010 0.307251 0.000010
0.000010 0.266378 0.000010 0.000010 0.733582 0.000010
0.030205 0.146243 0.341560 0.033008 0.448974 0.000010
0.000010 0.000010 0.000010 0.000010 0.999950 0.000010
0.000010 0.000010 0.470814 0.220986 0.308170 0.000010
0.000010 0.081821 0.010735 0.000010 0.907414 0.000010
0.000010 0.000010 0.719706 0.000010 0.280254 0.000010
0.000014 0.139046 0.390538 0.000010 0.470383 0.000010
0.027064 0.000010 0.291165 0.147979 0.533773 0.000010
0.000010 0.189323 0.226166 0.000010 0.584481 0.000010
0.000010 0.417143 0.343904 0.000010 0.238923 0.000010
0.017973 0.000010 0.981987 0.000010 0.000010 0.000010
0.000010 0.006112 0.166990 0.186585 0.640293 0.000010
0.000010 0.000010 0.000010 0.167252 0.832708 0.000010
0.019963 0.000010 0.812403 0.000010 0.167604 0.000010
0.000010 0.175489 0.000010 0.000010 0.824471 0.000010
0.000010 0.123123 0.677090 0.000014 0.199753 0.000010
0.000010 0.220547 0.779413 0.000010 0.000010 0.000010
0.000010 0.468294 0.000010 0.281083 0.250594 0.000010
0.000010 0.012508 0.955646 0.000010 0.000010 0.031815
0.000010 0.123373 0.876587 0.000010 0.000010 0.000010
0.097860 0.000010 0.202396 0.000010 0.699714 0.000010
0.065993 0.356997 0.192294 0.384697 0.000010 0.000010
0.000010 0.052059 0.000010 0.000010 0.947901 0.000010
0.046462 0.271943 0.156286 0.000010 0.525290 0.000010
0.000010 0.051817 0.265512 0.000010 0.682642 0.000010
0.000010 0.020226 0.000010 0.000010 0.979734 0.000010
0.021880 0.082427 0.314131 0.000010 0.520551 0.061001
0.000010 0.000010 0.524006 0.000010 0.475954 0.000010
0.000010 0.000010 0.000010 0.999950 0.000010 0.000010
0.000010 0.000010 0.996382 0.000010 0.000010 0.003578
0.000010 0.685801 0.000010 0.000010 0.314159 0.000010
0.000010 0.018757 0.000010 0.000010 0.981203 0.000010
0.000010 0.000010 0.179277 0.000796 0.819896 0.000010
0.000010 0.000010 0.371947 0.000010 0.515798 0.112225
0.065511 0.004560 0.000010 0.692440 0.237469 0.000010
0.000010 0.000010 0.000010 0.263647 0.736313 0.000010
0.000010 0.000010 0.000010 0.000010 0.999950 0.000010
0.011361 0.000011 0.000010 0.490960 0.497648 0.000010
0.035236 0.084988 0.551314 0.000010 0.293121 0.035332
0.057007 0.607130 0.000010 0.093841 0.242002 0.000010
0.000010 0.264535 0.154766 0.000010 0.580668 0.000010
0.033844 0.514513 0.000010 0.235917 0.215705 0.000010
0.000010 0.395543 0.309432 0.095808 0.199197 0.000010
0.000010 0.258713 0.741247 0.000010 0.000010 0.000010
0.000010 0.103449 0.411232 0.000010 0.485289 0.000010
0.000010 0.416350 0.097146 0.354368 0.132116 0.000010
0.000010 0.124499 0.271394 0.070833 0.533253 0.000010
0.000010 0.704126 0.000010 0.295834 0.000010 0.000010
0.000010 0.000010 0.356057 0.000010 0.643903 0.000010
0.000010 0.000010 0.999950 0.000010 0.000010 0.000010
0.000010 0.408692 0.000010 0.000010 0.591268 0.000010
0.000010 0.241931 0.387019 0.000010 0.371020 0.000010
0.000010 0.000010 0.691259 0.000010 0.308701 0.000010
0.000010 0.107928 0.124960 0.243375 0.523717 0.000010
0.000010 0.516581 0.157627 0.000010 0.325762 0.000010
0.000010 0.286596 0.427129 0.000010 0.286245 0.000010
0.000010 0.000010 0.100087 0.026131 0.873752 0.000010
0.000010 0.226411 0.032127 0.104647 0.627741 0.009064
0.218835 0.149305 0.220085 0.000010 0.411755 0.000010
0.000010 0.550009 0.000010 0.058342 0.391619 0.000010
0.000010 0.135624 0.211805 0.000010 0.577852 0.074699
0.016645 0.000010 0.648276 0.000010 0.335049 0.000010
0.000010 0.000010 0.518508 0.068181 0.413281 0.000010
0.000010 0.000010 0.149885 0.000010 0.815129 0.034956
0.000010 0.303247 0.000010 0.050127 0.646597 0.000010
0.000010 0.000010 0.810381 0.078879 0.110710 0.000010
0.000010 0.000010 0.509758 0.236468 0.253744 0.000010
0.000010 0.000010 0.586144 0.000010 0.413816 0.000010
0.000010 0.119325 0.237253 0.000010 0.643391 0.000010
0.000010 0.019605 0.000010 0.000010 0.980355 0.000010
0.000010 0.000010 0.633191 0.000010 0.366769 0.000010
0.000010 0.087274 0.000010 0.000010 0.912686 0.000010
0.000010 0.000010 0.999950 0.000010 0.000010 0.000010
0.000010 0.000010 0.000010 0.000010 0.999950 0.000010
0.000010 0.065202 0.224971 0.293899 0.415907 0.000010
0.000010 0.843489 0.041392 0.115089 0.000010 0.000010
0.000010 0.213514 0.111957 0.000010 0.674498 0.000010
0.047220 0.402752 0.268833 0.010384 0.270801 0.000010
0.075507 0.924453 0.000010 0.000010 0.000010 0.000010
0.017105 0.000010 0.045970 0.113768 0.823138 0.000010
0.000010 0.000010 0.219895 0.000010 0.780065 0.000010
0.000010 0.534973 0.464987 0.000010 0.000010 0.000010
0.000010 0.143342 0.834954 0.000010 0.021674 0.000010
0.000010 0.083146 0.327616 0.285985 0.303233 0.000010
0.000010 0.155443 0.036893 0.335750 0.471894 0.000010
0.000010 0.234841 0.000010 0.000010 0.765119 0.000010
0.074330 0.925630 0.000010 0.000010 0.000010 0.000010
0.000010 0.000010 0.000010 0.000010 0.999950 0.000010
0.000010 0.000010 0.999950 0.000010 0.000010 0.000010
0.000010 0.000010 0.735087 0.264873 0.000010 0.000010
0.000010 0.434798 0.000010 0.000010 0.565162 0.000010
0.000010 0.000010 0.840345 0.000010 0.159615 0.000010
0.000010 0.187463 0.081288 0.098594 0.632635 0.000010
0.000010 0.117595 0.163807 0.000010 0.718568 0.000010
0.000010 0.297739 0.000010 0.000010 0.702221 0.000010
0.000010 0.434568 0.423392 0.080822 0.061198 0.000010
0.000010 0.000010 0.857912 0.000010 0.142048 0.000010
0.000010 0.000010 0.142072 0.000010 0.857888 0.000010
0.000010 0.360921 0.245194 0.157265 0.236599 0.000010
0.000010 0.000010 0.061911 0.000010 0.938049 0.000010
0.000010 0.032630 0.494877 0.000010 0.472463 0.000010
0.000010 0.000010 0.655167 0.000010 0.344793 0.000010
0.004246 0.000010 0.613740 0.073559 0.308436 0.000010
0.000010 0.000010 0.999950 0.000010 0.000010 0.000010
0.000010 0.000010 0.999950 0.000010 0.000010 0.000010
0.000010 0.087164 0.806833 0.000010 0.000010 0.105973
0.000010 0.000010 0.605479 0.394481 0.000010 0.000010
0.024128 0.100840 0.591109 0.000010 0.283903 0.000010
0.000010 0.558304 0.434923 0.006744 0.000010 0.000010
0.000010 0.000010 0.881598 0.118362 0.000010 0.000010
0.000010 0.000010 0.116246 0.000010 0.883714 0.000010
0.000010 0.215247 0.737297 0.000010 0.009813 0.037623
0.000010 0.000010 0.999950 0.000010 0.000010 0.000010
0.000010 0.294657 0.432314 0.000010 0.272999 0.000010
0.000010 0.047037 0.764602 0.108748 0.079593 0.000010
0.000010 0.000010 0.999950 0.000010 0.000010 0.000010
0.000010 0.725076 0.032216 0.000010 0.242678 0.000010
0.000010 0.175073 0.363725 0.173647 0.287535 0.000010
0.000010 0.999941 0.000019 0.000010 0.000010 0.000010
0.000010 0.000010 0.574080 0.242376 0.183514 0.000010
0.000010 0.133726 0.097621 0.280978 0.487654 0.000010
0.000010 0.000010 0.999950 0.000010 0.000010 0.000010
0.000010 0.000010 0.774268 0.161004 0.064698 0.000010
0.024983 0.000010 0.063121 0.874060 0.037815 0.000010
0.000010 0.314204 0.000010 0.000010 0.685756 0.000010
0.000010 0.000010 0.958442 0.000010 0.041518 0.000010
0.000010 0.035805 0.000010 0.173971 0.790194 0.000010
0.000010 0.000010 0.261752 0.000010 0.738208 0.000010
0.001184 0.000010 0.224966 0.000010 0.773820 0.000010
0.024400 0.793041 0.000010 0.060108 0.122431 0.000010
0.033228 0.011835 0.623370 0.000010 0.331546 0.000010
0.120651 0.000010 0.054924 0.112168 0.712237 0.000010
0.000010 0.000010 0.000010 0.999950 0.000010 0.000010
0.000010 0.875861 0.000010 0.000010 0.124099 0.000010
0.000010 0.087250 0.759824 0.144493 0.008413 0.000010
0.000011 0.000010 0.999949 0.000010 0.000010 0.000010
0.000010 0.000010 0.953952 0.046008 0.000010 0.000010
0.000010 0.154850 0.154691 0.489056 0.201384 0.000010
0.000010 0.000010 0.000010 0.999950 0.000010 0.000010
0.000010 0.153486 0.486340 0.125866 0.234288 0.000010
0.000010 0.746089 0.000010 0.000010 0.253871 0.000010
0.000010 0.000010 0.999950 0.000010 0.000010 0.000010
0.000010 0.000010 0.926686 0.073274 0.000010 0.000010
0.000753 0.188261 0.000010 0.810956 0.000010 0.000010
0.000010 0.000010 0.992666 0.000010 0.000010 0.007294
0.000010 0.073607 0.398278 0.000010 0.528085 0.000010
0.000010 0.000010 0.000010 0.000010 0.999950 0.000010
0.000010 0.000010 0.000010 0.000010 0.999950 0.000010
0.000010 0.999950 0.000010 0.000010 0.000010 0.000010
0.000010 0.000010 0.999950 0.000010 0.000010 0.000010
0.000010 0.599605 0.169093 0.000010 0.231272 0.000010
0.000010 0.541895 0.000010 0.000010 0.458065 0.000010
0.000010 0.000010 0.999950 0.000010 0.000010 0.000010
0.000010 0.000010 0.037159 0.000010 0.962801 0.000010
0.000010 0.999950 0.000010 0.000010 0.000010 0.000010
0.000010 0.000010 0.000010 0.000010 0.999950 0.000010
0.000010 0.000010 0.999950 0.000010 0.000010 0.000010
0.000010 0.000010 0.940736 0.000010 0.000010 0.059224
0.000010 0.000010 0.306645 0.074486 0.618838 0.000010
0.000010 0.999950 0.000010 0.000010 0.000010 0.000010
0.000010 0.999950 0.000010 0.000010 0.000010 0.000010
0.000010 0.000010 0.999950 0.000010 0.000010 0.000010
0.000010 0.000010 0.723780 0.000010 0.276180 0.000010
0.000010 0.096198 0.820020 0.044058 0.039704 0.000010
0.000010 0.000010 0.282037 0.000010 0.717923 0.000010
0.000010 0.000010 0.000010 0.000010 0.999950 0.000010
0.000010 0.000010 0.700197 0.000010 0.296628 0.003145
0.000010 0.000010 0.046729 0.000010 0.953231 0.000010
0.000010 0.000010 0.269542 0.000010 0.730418 0.000010
0.000010 0.561616 0.438344 0.000010 0.000010 0.000010
0.000010 0.174932 0.695278 0.125657 0.004113 0.000010
0.000010 0.000010 0.872727 0.068755 0.058487 0.000010
0.028857 0.000010 0.592371 0.155795 0.222957 0.000010
0.000010 0.000010 0.999950 0.000010 0.000010 0.000010
0.000010 0.000010 0.000010 0.327958 0.672002 0.000010
0.166996 0.000010 0.693224 0.000010 0.139750 0.000010
0.000010 0.457288 0.000010 0.542672 0.000010 0.000010
0.000010 0.000010 0.000010 0.000010 0.999950 0.000010
0.000010 0.000010 0.570095 0.000010 0.429865 0.000010
0.000010 0.432163 0.348927 0.218879 0.000010 0.000010
0.000010 0.059874 0.885695 0.046032 0.000010 0.008379
0.000010 0.000010 0.813065 0.000010 0.186895 0.000010
0.000010 0.999950 0.000010 0.000010 0.000010 0.000010
0.000010 0.000010 0.999950 0.000010 0.000010 0.000010
0.000010 0.208486 0.258962 0.000010 0.532522 0.000010
0.000010 0.000010 0.000010 0.999950 0.000010 0.000010
0.000010 0.196185 0.129010 0.000010 0.674775 0.000010
0.000010 0.055245 0.647431 0.000010 0.261359 0.035946
0.000010 0.000010 0.617543 0.242730 0.139697 0.000010
0.000010 0.048919 0.951041 0.000010 0.000010 0.000010
0.000010 0.185518 0.814442 0.000010 0.000010 0.000010
0.000010 0.000010 0.999950 0.000010 0.000010 0.000010
0.000010 0.662924 0.202380 0.000010 0.134666 0.000010
0.057001 0.000010 0.672906 0.000010 0.270063 0.000010
0.000010 0.520823 0.479137 0.000010 0.000010 0.000010
0.000010 0.318436 0.681524 0.000010 0.000010 0.000010
0.000010 0.000010 0.319492 0.040131 0.640346 0.000010
0.000010 0.454954 0.217093 0.000010 0.327922 0.000010
0.000010 0.000010 0.000010 0.000010 0.999950 0.000010
0.000010 0.291695 0.150889 0.000010 0.557386 0.000010
0.015351 0.000010 0.984609 0.000010 0.000010 0.000010
0.045022 0.454020 0.122124 0.068437 0.310387 0.000010
0.000010 0.000010 0.999950 0.000010 0.000010 0.000010
0.000010 0.999950 0.000010 0.000010 0.000010 0.000010
0.000010 0.000010 0.000010 0.000010 0.999950 0.000010
0.033990 0.000010 0.925867 0.000010 0.040113 0.000010
0.000010 0.000010 0.455305 0.000010 0.532440 0.012225
0.000010 0.000010 0.784913 0.000010 0.215047 0.000010
0.000010 0.999950 0.000010 0.000010 0.000010 0.000010
0.032891 0.000010 0.734708 0.101423 0.130959 0.000010
0.000010 0.000010 0.435200 0.564760 0.000010 0.000010
0.000010 0.038881 0.640839 0.000010 0.320250 0.000010
0.000010 0.000010 0.999950 0.000010 0.000010 0.000010
0.021910 0.000010 0.607592 0.000010 0.370468 0.000010
0.000010 0.263614 0.000010 0.000010 0.736346 0.000010
0.000010 0.726163 0.273797 0.000010 0.000010 0.000010
0.000010 0.023529 0.635522 0.113548 0.227382 0.000010
0.000010 0.071685 0.274221 0.000010 0.654064 0.000010
0.000010 0.999950 0.000010 0.000010 0.000010 0.000010
0.000010 0.259159 0.537147 0.203664 0.000010 0.000010
0.001549 0.000010 0.239241 0.098683 0.660506 0.000010
0.000010 0.000010 0.000010 0.024447 0.975513 0.000010
0.000010 0.000010 0.999950 0.000010 0.000010 0.000010
0.000010 0.065727 0.491553 0.000010 0.442690 0.000010
0.005822 0.278058 0.115230 0.000010 0.600870 0.000010
0.000010 0.101569 0.898391 0.000010 0.000010 0.000010
0.021019 0.430839 0.209287 0.095581 0.243263 0.000010
0.000010 0.080819 0.187725 0.072850 0.658586 0.000010
0.000010 0.135657 0.350106 0.000010 0.514207 0.000010
0.000010 0.000010 0.999950 0.000010 0.000010 0.000010
0.000010 0.000010 0.887293 0.112667 0.000010 0.000010
0.000010 0.000010 0.000010 0.999950 0.000010 0.000010
0.000010 0.000010 0.999111 0.000010 0.000010 0.000849
0.000010 0.052628 0.010577 0.404207 0.532569 0.000010
0.000010 0.295923 0.459043 0.000350 0.244664 0.000010
0.000010 0.000010 0.728307 0.000010 0.271653 0.000010
0.023641 0.000010 0.050617 0.641158 0.284563 0.000010
