0.492165 0.000010 0.507815 0.000010
0.101839 0.102942 0.795209 0.000010
0.135909 0.090781 0.773300 0.000010
0.000010 0.000010 0.999970 0.000010
0.000010 0.000010 0.100693 0.899287
0.147243 0.000010 0.852737 0.000010
0.265806 0.000010 0.734174 0.000010
0.106128 0.000010 0.893852 0.000010
0.056525 0.000010 0.405379 0.538086
0.787672 0.000010 0.139907 0.072411
0.760118 0.004616 0.227289 0.007977
0.000010 0.000010 0.999970 0.000010
0.000010 0.000010 0.963376 0.036604
0.000010 0.000010 0.999970 0.000010
0.543182 0.025917 0.352640 0.078260
0.041454 0.427765 0.530772 0.000010
0.999970 0.000010 0.000010 0.000010
0.086171 0.000010 0.425627 0.488192
0.371393 0.119149 0.509448 0.000010
0.000010 0.000010 0.753334 0.246646
0.479880 0.062107 0.458003 0.000010
0.000010 0.000010 0.999970 0.000010
0.186966 0.422221 0.387426 0.003387
0.252514 0.157328 0.000010 0.590148
0.000010 0.080622 0.919358 0.000010
0.000010 0.000010 0.999970 0.000010
0.064220 0.000010 0.935760 0.000010
0.027732 0.397620 0.574638 0.000010
0.000010 0.000010 0.827969 0.172011
0.000010 0.000010 0.999970 0.000010
0.000010 0.000010 0.999970 0.000010
0.000010 0.000010 0.999970 0.000010
0.548908 0.091031 0.143532 0.216529
0.000010 0.332695 0.486890 0.180405
0.036561 0.000010 0.963419 0.000010
0.000010 0.000010 0.999970 0.000010
0.237389 0.277607 0.248528 0.236476
0.057887 0.000010 0.942093 0.000010
0.000010 0.000010 0.999970 0.000010
0.000010 0.000010 0.999970 0.000010
0.089216 0.158488 0.004096 0.748199
0.000010 0.035277 0.964703 0.000010
0.000010 0.000010 0.999970 0.000010
0.000010 0.000010 0.999970 0.000010
0.289156 0.137628 0.573206 0.000010
0.000010 0.000010 0.999970 0.000010
0.235738 0.558280 0.205972 0.000010
0.056094 0.000010 0.943886 0.000010
0.828745 0.000010 0.171235 0.000010
0.064590 0.000010 0.935390 0.000010
0.161504 0.519402 0.166661 0.152432
0.951418 0.000010 0.048562 0.000010
0.000010 0.000010 0.716240 0.283740
0.000010 0.000010 0.999970 0.000010
0.000010 0.000010 0.999970 0.000010
0.306052 0.000010 0.693928 0.000010
0.353922 0.344761 0.193938 0.107379
0.313235 0.646046 0.040709 0.000010
0.046252 0.000010 0.953728 0.000010
0.290967 0.430454 0.204352 0.074227
0.324152 0.086357 0.168518 0.420973
0.696063 0.000010 0.303917 0.000010
0.076869 0.000010 0.923111 0.000010
0.000010 0.000010 0.999970 0.000010
0.000010 0.000010 0.206025 0.793955
0.000010 0.365122 0.323300 0.311568
0.999970 0.000010 0.000010 0.000010
0.729919 0.172844 0.000010 0.097227
0.000010 0.000010 0.000010 0.999970
0.000010 0.000010 0.003285 0.996695
0.403505 0.325001 0.271483 0.000010
0.242777 0.119554 0.637659 0.000010
0.672247 0.000010 0.259027 0.068716
0.115267 0.039697 0.845026 0.000010
0.364170 0.000010 0.635810 0.000010
0.000010 0.000010 0.000010 0.999970
0.021384 0.000010 0.978596 0.000010
0.286837 0.000010 0.161727 0.551427
0.417894 0.084723 0.122225 0.375158
0.617907 0.000010 0.257370 0.124713
0.000010 0.000010 0.000010 0.999970
0.089650 0.091231 0.675636 0.143483
0.296781 0.122896 0.309656 0.270667
0.047328 0.000010 0.036041 0.916621
0.615592 0.014900 0.369498 0.000010
0.074290 0.000010 0.638508 0.287192
0.000010 0.000010 0.000010 0.999970
0.069925 0.132789 0.301693 0.495593
0.000010 0.000010 0.000010 0.999970
0.000010 0.000010 0.999970 0.000010
0.000010 0.000010 0.000010 0.999970
0.018346 0.243493 0.000010 0.738152
0.314008 0.136607 0.405971 0.143413
0.881537 0.000010 0.118443 0.000010
0.000010 0.068802 0.343249 0.587939
0.382553 0.000010 0.067330 0.550107
0.265020 0.090601 0.253135 0.391244
0.999970 0.000010 0.000010 0.000010
0.000010 0.000010 0.274003 0.725977
0.000010 0.000010 0.925123 0.074857
0.148053 0.000010 0.088230 0.763707
0.078179 0.035321 0.156311 0.730189
0.047666 0.000010 0.952314 0.000010
0.000010 0.000010 0.000010 0.999970
0.288820 0.432002 0.081053 0.198125
0.231568 0.044721 0.261563 0.462148
0.000010 0.044045 0.627704 0.328241
0.706715 0.000010 0.293265 0.000010
0.334451 0.026206 0.346322 0.293022
0.000010 0.000010 0.999970 0.000010
0.769743 0.000010 0.230237 0.000010
0.254520 0.000010 0.298730 0.446739
0.169230 0.038250 0.572360 0.220160
0.629544 0.000010 0.370436 0.000010
0.032089 0.000010 0.003442 0.964459
0.991560 0.000010 0.008420 0.000010
0.710356 0.000010 0.289624 0.000010
0.887935 0.000010 0.112045 0.000010
0.785503 0.101638 0.000010 0.112849
0.019834 0.061935 0.732590 0.185642
0.285214 0.378994 0.335782 0.000010
0.029987 0.219098 0.750904 0.000010
0.539242 0.000010 0.112719 0.348029
0.499476 0.000010 0.022391 0.478123
0.814590 0.029646 0.155754 0.000010
0.191842 0.000010 0.000010 0.808138
0.791427 0.208553 0.000010 0.000010
0.000010 0.122748 0.586084 0.291158
0.595116 0.000010 0.215931 0.188943
0.311409 0.000010 0.361175 0.327407
0.000010 0.000010 0.478029 0.521951
0.000010 0.000010 0.483678 0.516302
0.019591 0.628192 0.066432 0.285785
0.025838 0.000010 0.372267 0.601884
0.813372 0.135398 0.051221 0.000010
0.245019 0.000010 0.335069 0.419902
0.864289 0.000010 0.135691 0.000010
0.869648 0.000010 0.125362 0.004980
0.014794 0.563567 0.233677 0.187962
0.257053 0.092059 0.228426 0.422462
0.000010 0.000010 0.999970 0.000010
0.000010 0.000010 0.791516 0.208464
0.000010 0.000010 0.191683 0.808297
0.393804 0.365632 0.240553 0.000010
0.000010 0.000010 0.179346 0.820634
0.201221 0.075635 0.000010 0.723134
0.564176 0.370633 0.065181 0.000010
0.941742 0.000010 0.000010 0.058238
0.057989 0.130067 0.811934 0.000010
0.000010 0.000010 0.999970 0.000010
0.108737 0.000010 0.891243 0.000010
0.534114 0.053684 0.377933 0.034269
0.000010 0.000010 0.999970 0.000010
0.000010 0.000010 0.971092 0.028888
0.000010 0.000010 0.895901 0.104079
0.000010 0.000010 0.999970 0.000010
0.350674 0.000010 0.000010 0.649306
0.000010 0.000010 0.338873 0.661107
0.000010 0.115631 0.334297 0.550062
0.091732 0.403984 0.272844 0.231440
0.000010 0.000010 0.999970 0.000010
0.272527 0.000010 0.172229 0.555234
0.378901 0.195130 0.086288 0.339681
0.000010 0.000010 0.999970 0.000010
0.357891 0.000010 0.000010 0.642089
0.527626 0.122308 0.350057 0.000010
0.105908 0.686512 0.207571 0.000010
0.053575 0.000010 0.797521 0.148895
0.000010 0.067726 0.932254 0.000010
0.000010 0.000010 0.000010 0.999970
0.000010 0.138729 0.861251 0.000010
0.489412 0.210402 0.260160 0.040026
0.747786 0.000010 0.252194 0.000010
0.135742 0.000010 0.864238 0.000010
0.110610 0.073487 0.000010 0.815893
0.084769 0.032385 0.331831 0.551016
0.336757 0.000010 0.027529 0.635703
0.595700 0.115668 0.288622 0.000010
0.202683 0.230975 0.002898 0.563443
0.109259 0.425083 0.000010 0.465648
0.000010 0.000010 0.999970 0.000010
0.000010 0.000010 0.999970 0.000010
0.999970 0.000010 0.000010 0.000010
0.000010 0.000010 0.000010 0.999970
0.348115 0.000010 0.000010 0.651865
0.364559 0.478836 0.032482 0.124123
0.280116 0.262154 0.457720 0.000010
0.000010 0.000010 0.951598 0.048382
0.222848 0.196413 0.194537 0.386203
0.000010 0.000010 0.000010 0.999970
0.359818 0.000010 0.640162 0.000010
0.313536 0.000010 0.278495 0.407959
0.000010 0.000010 0.316856 0.683124
0.860781 0.000010 0.139199 0.000010
0.358001 0.323757 0.102134 0.216108
0.578890 0.011016 0.410084 0.000010
0.082450 0.000010 0.914813 0.002727
0.000010 0.000010 0.379689 0.620291
0.000010 0.000010 0.999970 0.000010
0.000010 0.000010 0.000010 0.999970
0.030672 0.000010 0.464139 0.505180
0.071578 0.000010 0.318463 0.609949
0.000010 0.000010 0.999970 0.000010
0.009547 0.000010 0.519734 0.470709
0.273457 0.392075 0.005706 0.328762
0.000010 0.000010 0.000010 0.999970
0.779472 0.000010 0.117601 0.102917
0.000010 0.000010 0.005554 0.994426
0.008522 0.464088 0.348240 0.179150
0.200990 0.000010 0.343810 0.455191
0.325784 0.000010 0.049864 0.624342
0.736683 0.119821 0.098184 0.045312
0.054699 0.530071 0.133129 0.282102
0.000010 0.000010 0.999970 0.000010
0.028746 0.000010 0.304868 0.666376
0.015090 0.076264 0.075308 0.833339
0.000010 0.000010 0.000010 0.999970
0.000010 0.000010 0.728141 0.271839
0.034192 0.005029 0.960770 0.000010
0.000010 0.000010 0.369477 0.630503
0.246791 0.280824 0.057858 0.414527
0.999970 0.000010 0.000010 0.000010
0.000010 0.000010 0.000010 0.999970
0.999970 0.000010 0.000010 0.000010
0.171809 0.074546 0.265690 0.487955
0.000010 0.000010 0.000010 0.999970
0.526428 0.030380 0.287033 0.156158
0.000010 0.203525 0.796455 0.000010
0.000010 0.000010 0.475512 0.524468
0.235610 0.150667 0.000010 0.613713
0.129563 0.000010 0.000010 0.870417
0.186071 0.000010 0.813909 0.000010
0.000010 0.000010 0.000010 0.999970
0.000010 0.000010 0.999970 0.000010
0.518675 0.028053 0.299062 0.154211
0.000010 0.000010 0.434133 0.565847
0.115584 0.140889 0.254177 0.489350
0.405405 0.019775 0.013093 0.561727
0.000010 0.000010 0.000010 0.999970
0.000010 0.000010 0.000010 0.999970
0.000010 0.000010 0.000010 0.999970
0.000010 0.000010 0.163731 0.836249
0.000010 0.000010 0.780895 0.219085
0.578009 0.186502 0.206975 0.028513
0.186648 0.000010 0.259884 0.553458
0.000010 0.000010 0.774206 0.225774
0.171928 0.326665 0.037033 0.464374
0.000010 0.000010 0.999970 0.000010
0.830894 0.000010 0.145968 0.023128
0.000010 0.000010 0.244900 0.755080
0.000010 0.000010 0.000010 0.999970
0.000010 0.000010 0.999970 0.000010
0.000010 0.000010 0.609195 0.390785
0.000010 0.000010 0.348655 0.651325
0.000010 0.000010 0.198977 0.801003
0.357489 0.000018 0.000010 0.642483
0.000010 0.000010 0.094119 0.905861
0.367610 0.293977 0.085200 0.253214
0.544354 0.000010 0.196069 0.259567
0.190712 0.000010 0.809268 0.000010
0.000010 0.000010 0.000010 0.999970
0.000010 0.000010 0.431197 0.568783
0.047839 0.000010 0.461754 0.490397
0.622810 0.000010 0.186572 0.190608
0.000010 0.000010 0.000010 0.999970
0.000010 0.000010 0.000010 0.999970
0.367816 0.391699 0.115461 0.125024
0.031180 0.000010 0.003907 0.964903
0.576333 0.000010 0.423647 0.000010
0.069803 0.000010 0.035109 0.895078
0.000010 0.000010 0.000010 0.999970
0.326754 0.101875 0.135403 0.435968
0.000010 0.000010 0.936791 0.063189
0.111939 0.551981 0.068924 0.267156
0.000010 0.000010 0.000010 0.999970
0.378928 0.118824 0.224547 0.277702
0.000010 0.000010 0.000010 0.999970
0.144250 0.067759 0.216397 0.571594
0.135605 0.000010 0.864375 0.000010
0.149528 0.260722 0.190668 0.399082
0.517052 0.202675 0.280263 0.000010
0.360291 0.287661 0.019535 0.332513
0.349228 0.000010 0.000010 0.650752
0.000010 0.000010 0.796547 0.203433
0.294823 0.032973 0.460109 0.212095
0.043613 0.555819 0.400559 0.000010
0.000010 0.615541 0.363695 0.020753
0.000010 0.000010 0.278440 0.721540
0.000010 0.009707 0.287755 0.702528
0.000010 0.233895 0.148395 0.617700
0.000010 0.162692 0.837288 0.000010
0.000010 0.480284 0.326865 0.192841
0.169668 0.697205 0.133117 0.000010
0.000010 0.231525 0.715288 0.053177
0.202367 0.416443 0.381181 0.000010
0.000010 0.000010 0.857258 0.142722
0.000010 0.493802 0.329865 0.176323
0.056199 0.706811 0.236980 0.000010
0.054238 0.709461 0.236291 0.000010
0.000010 0.295959 0.000010 0.704021
0.000010 0.430914 0.398966 0.170110
0.000010 0.727808 0.272172 0.000010
0.000010 0.744272 0.119551 0.136168
0.000010 0.821767 0.178213 0.000010
0.108438 0.458846 0.425124 0.007593
0.000010 0.999970 0.000010 0.000010
0.000010 0.044420 0.000010 0.955560
0.004822 0.077405 0.917763 0.000010
0.046318 0.716915 0.236757 0.000010
0.000010 0.000010 0.872428 0.127552
0.000010 0.833731 0.166249 0.000010
0.000010 0.844524 0.155456 0.000010
0.337291 0.461365 0.201334 0.000010
0.000010 0.583769 0.384794 0.031427
0.000010 0.000010 0.569763 0.430217
0.055612 0.695584 0.248794 0.000010
0.090422 0.700716 0.208852 0.000010
0.000010 0.682664 0.317316 0.000010
0.019985 0.428045 0.116157 0.435813
0.000010 0.623521 0.376459 0.000010
0.000010 0.789241 0.200322 0.010427
0.000010 0.790632 0.102263 0.107095
0.000010 0.169774 0.000010 0.830206
0.000010 0.636423 0.235169 0.128398
0.000010 0.634746 0.000010 0.365234
0.167978 0.689224 0.142788 0.000010
0.000010 0.190261 0.809719 0.000010
0.000010 0.610826 0.389154 0.000010
0.000010 0.256845 0.743135 0.000010
0.000010 0.256027 0.743953 0.000010
0.000010 0.766141 0.233839 0.000010
0.000010 0.088479 0.862786 0.048725
0.000010 0.041707 0.958273 0.000010
0.000010 0.478896 0.327396 0.193698
0.393719 0.581126 0.025145 0.000010
0.000010 0.037001 0.962979 0.000010
0.000010 0.274002 0.000010 0.725978
0.145492 0.576507 0.277991 0.000010
0.000010 0.028289 0.971691 0.000010
0.205264 0.425800 0.368926 0.000010
0.219044 0.780936 0.000010 0.000010
0.000010 0.000010 0.922846 0.077134
0.000010 0.213975 0.371758 0.414257
0.000010 0.568152 0.350447 0.081390
0.000010 0.202754 0.797226 0.000010
0.000010 0.111580 0.888400 0.000010
0.000010 0.370257 0.402762 0.226971
0.121447 0.729861 0.148682 0.000010
0.000010 0.821450 0.178530 0.000010
0.000010 0.822189 0.177791 0.000010
0.000010 0.000010 0.019893 0.980087
0.000010 0.517899 0.482081 0.000010
0.000010 0.545885 0.388482 0.065622
0.000010 0.544628 0.389570 0.065791
0.000010 0.026020 0.973960 0.000010
0.000010 0.999970 0.000010 0.000010
0.000010 0.999970 0.000010 0.000010
0.043699 0.452811 0.503480 0.000010
0.217090 0.679690 0.103210 0.000010
0.000010 0.071228 0.022187 0.906574
0.000010 0.584646 0.415334 0.000010
0.212752 0.675605 0.111633 0.000010
0.000010 0.779238 0.220742 0.000010
0.332225 0.153424 0.514341 0.000010
0.026803 0.721358 0.251829 0.000010
0.000010 0.526534 0.473446 0.000010
0.000010 0.000010 0.999970 0.000010
0.000010 0.000010 0.999970 0.000010
0.000010 0.770127 0.229853 0.000010
0.000010 0.751539 0.248441 0.000010
0.000010 0.067379 0.470669 0.461942
0.000010 0.519118 0.480862 0.000010
0.078463 0.237878 0.005320 0.678339
0.000010 0.284577 0.715403 0.000010
0.000010 0.027532 0.972448 0.000010
0.000010 0.341508 0.658472 0.000010
0.000010 0.652516 0.000010 0.347464
0.000010 0.162989 0.402063 0.434938
0.000010 0.620662 0.321025 0.058302
0.000010 0.608503 0.099153 0.292333
0.000010 0.347048 0.652932 0.000010
0.000010 0.519678 0.480302 0.000010
0.008450 0.753922 0.237618 0.000010
0.000010 0.999970 0.000010 0.000010
0.000010 0.145885 0.854095 0.000010
0.000010 0.999970 0.000010 0.000010
0.000010 0.771189 0.228791 0.000010
0.000010 0.603661 0.396319 0.000010
0.000010 0.842572 0.157408 0.000010
0.091437 0.295255 0.613298 0.000010
0.000010 0.761819 0.238161 0.000010
0.000010 0.149450 0.799434 0.051105
0.000010 0.531724 0.316719 0.151547
0.000010 0.000010 0.999970 0.000010
0.000010 0.595252 0.404728 0.000010
0.045353 0.594309 0.360328 0.000010
0.000010 0.553810 0.446170 0.000010
0.000010 0.100261 0.000010 0.899719
0.000010 0.235525 0.764455 0.000010
0.000010 0.463689 0.381141 0.155160
0.000010 0.395309 0.604671 0.000010
0.000010 0.601984 0.397996 0.000010
0.000010 0.641749 0.000010 0.358231
0.000010 0.000010 0.034540 0.965440
0.000010 0.999970 0.000010 0.000010
0.000010 0.997770 0.002210 0.000010
0.000010 0.561430 0.037588 0.400972
0.000010 0.172818 0.827162 0.000010
0.000010 0.569796 0.430184 0.000010
0.000010 0.000010 0.000010 0.999970
0.000010 0.000010 0.092869 0.907111
0.000010 0.376943 0.000010 0.623037
0.000010 0.344005 0.000010 0.655975
0.000010 0.427407 0.572573 0.000010
0.000010 0.374741 0.226370 0.398879
0.000010 0.762487 0.237493 0.000010
0.393958 0.219761 0.386271 0.000010
0.000010 0.349112 0.400197 0.250681
0.000010 0.834099 0.165881 0.000010
0.000010 0.084500 0.520825 0.394665
0.256219 0.542125 0.201646 0.000010
0.000010 0.141110 0.858870 0.000010
0.461859 0.130110 0.408021 0.000010
0.000010 0.082404 0.000010 0.917576
0.000010 0.034945 0.957808 0.007238
0.000010 0.025442 0.974538 0.000010
0.000010 0.347605 0.000010 0.652375
0.000010 0.076189 0.092520 0.831281
0.000010 0.436977 0.417067 0.145946
0.000010 0.335191 0.664789 0.000010
0.000010 0.790266 0.209714 0.000010
0.000010 0.000010 0.000010 0.999970
0.113119 0.497638 0.191318 0.197925
0.217918 0.542927 0.239145 0.000010
0.311471 0.415072 0.273447 0.000010
0.000010 0.516817 0.106473 0.376700
0.000010 0.321436 0.678544 0.000010
0.000010 0.862097 0.137883 0.000010
0.000010 0.261815 0.000010 0.738165
0.000010 0.093578 0.216409 0.690003
0.000010 0.209556 0.000010 0.790424
0.000010 0.061012 0.938968 0.000010
0.000010 0.296677 0.546363 0.156950
0.000010 0.120630 0.000010 0.879350
0.158399 0.646003 0.195588 0.000010
0.000010 0.449757 0.314204 0.236030
0.000010 0.000010 0.000010 0.999970
0.000010 0.069504 0.930476 0.000010
0.293735 0.149781 0.556474 0.000010
0.000010 0.000010 0.012105 0.987875
0.000010 0.040387 0.646201 0.313402
0.604947 0.000010 0.395033 0.000010
0.684389 0.000010 0.315591 0.000010
0.680185 0.000010 0.319795 0.000010
0.000165 0.445632 0.554193 0.000010
0.000010 0.000010 0.676059 0.323921
0.000010 0.000010 0.014066 0.985914
0.000010 0.670895 0.000010 0.329085
0.000010 0.689132 0.310848 0.000010
0.510583 0.382590 0.106816 0.000010
0.000010 0.669478 0.000010 0.330502
0.000010 0.000010 0.019342 0.980638
0.000010 0.462339 0.150324 0.387327
0.000010 0.000010 0.000010 0.999970
0.000010 0.552199 0.414001 0.033790
0.000010 0.670590 0.000010 0.329390
0.000010 0.000010 0.224073 0.775907
0.000010 0.450402 0.310836 0.238751
0.000010 0.540144 0.459836 0.000010
0.000010 0.000010 0.999970 0.000010
0.684375 0.000010 0.315605 0.000010
0.000010 0.257740 0.508896 0.233354
0.000010 0.290650 0.000010 0.709330
0.684389 0.000010 0.315591 0.000010
0.000010 0.670590 0.000010 0.329390
0.000010 0.083690 0.916290 0.000010
0.000010 0.390234 0.513383 0.096373
0.000010 0.361125 0.261471 0.377394
0.000010 0.635860 0.345495 0.018634
0.000010 0.248287 0.751693 0.000010
0.051350 0.108645 0.839995 0.000010
0.000010 0.163232 0.082757 0.754001
0.000010 0.376293 0.505640 0.118057
0.000010 0.017115 0.847542 0.135333
0.015937 0.116503 0.000010 0.867550
0.637549 0.254960 0.107481 0.000010
0.000010 0.928184 0.071796 0.000010
0.000010 0.000010 0.000010 0.999970
0.036213 0.521757 0.442020 0.000010
0.000010 0.000010 0.019697 0.980283
0.000010 0.594482 0.405498 0.000010
0.000010 0.041367 0.958613 0.000010
0.000010 0.507356 0.383469 0.109165
0.000010 0.925393 0.074587 0.000010
0.000010 0.098328 0.220692 0.680970
0.000010 0.588301 0.411679 0.000010
0.000010 0.507340 0.383530 0.109120
0.019143 0.705370 0.168277 0.107210
0.000010 0.796701 0.203279 0.000010
0.711762 0.000010 0.288218 0.000010
0.683351 0.000010 0.316629 0.000010
0.000010 0.044755 0.085585 0.869651
0.202308 0.532376 0.265306 0.000010
0.000010 0.000010 0.196767 0.803213
0.000010 0.470526 0.385622 0.143842
0.000010 0.857857 0.142123 0.000010
0.024163 0.571127 0.346726 0.057984
0.000010 0.458444 0.419261 0.122286
0.027253 0.000010 0.652803 0.319933
0.000010 0.380349 0.619631 0.000010
0.000010 0.507370 0.383510 0.109110
0.707486 0.000010 0.292494 0.000010
0.711336 0.000010 0.288644 0.000010
0.000010 0.393846 0.054583 0.551560
0.000010 0.000010 0.000010 0.999970
0.000010 0.000010 0.000010 0.999970
0.000010 0.000010 0.000010 0.999970
0.000010 0.918857 0.081123 0.000010
0.000010 0.698186 0.269808 0.031996
0.000010 0.351438 0.401183 0.247370
0.039292 0.104286 0.856412 0.000010
0.000010 0.589774 0.369473 0.040743
0.000010 0.000010 0.000010 0.999970
0.000010 0.401482 0.597499 0.001009
0.000010 0.378548 0.621432 0.000010
0.000010 0.538133 0.390387 0.071471
0.680842 0.000010 0.319138 0.000010
0.114199 0.670009 0.165274 0.050518
0.678942 0.000010 0.321038 0.000010
0.000010 0.878069 0.121911 0.000010
0.000010 0.961287 0.038693 0.000010
0.000010 0.427473 0.139232 0.433285
0.609209 0.239485 0.151297 0.000010
0.000010 0.000010 0.999970 0.000010
0.000010 0.619369 0.342489 0.038132
0.636760 0.248284 0.114946 0.000010
0.000010 0.153463 0.846517 0.000010
0.000010 0.788482 0.211498 0.000010
0.000010 0.000010 0.000010 0.999970
0.000010 0.427187 0.572793 0.000010
0.000010 0.388070 0.611910 0.000010
0.000010 0.567761 0.432219 0.000010
0.684716 0.000010 0.315264 0.000010
0.000010 0.307013 0.054420 0.638557
0.000010 0.702687 0.161601 0.135702
0.073221 0.700157 0.186015 0.040607
0.000010 0.628540 0.352038 0.019412
0.000010 0.068282 0.931698 0.000010
0.000010 0.417552 0.582428 0.000010
0.680196 0.000010 0.319784 0.000010
0.654501 0.000010 0.345479 0.000010
0.000010 0.337902 0.662078 0.000010
0.000010 0.076281 0.904367 0.019342
0.000010 0.075998 0.456677 0.467316
0.000010 0.652804 0.347176 0.000010
0.158543 0.579256 0.262191 0.000010
0.030016 0.521199 0.448776 0.000010
0.182919 0.606518 0.210552 0.000010
0.100594 0.506265 0.393130 0.000010
0.199679 0.563480 0.000010 0.236831
0.163244 0.598182 0.000010 0.238564
0.000010 0.000010 0.000010 0.999970
0.000010 0.806310 0.193670 0.000010
0.000010 0.617444 0.216343 0.166203
0.000010 0.686632 0.313348 0.000010
0.000010 0.972121 0.027859 0.000010
0.091184 0.908796 0.000010 0.000010
0.000010 0.000010 0.000010 0.999970
0.050626 0.755414 0.193950 0.000010
0.000010 0.000010 0.000010 0.999970
0.047765 0.493219 0.146506 0.312510
0.000010 0.547944 0.452036 0.000010
0.023771 0.697666 0.088022 0.190541
0.000010 0.000010 0.000010 0.999970
0.000010 0.690364 0.309616 0.000010
0.000010 0.571434 0.428546 0.000010
0.058060 0.575212 0.338499 0.028230
0.000010 0.602392 0.397588 0.000010
0.045602 0.581531 0.372857 0.000010
0.000010 0.751554 0.248426 0.000010
0.000010 0.727030 0.019900 0.253060
0.000010 0.000010 0.154199 0.845781
0.464027 0.178309 0.357654 0.000010
0.000010 0.824029 0.175951 0.000010
0.000010 0.738347 0.261633 0.000010
0.000010 0.434846 0.565134 0.000010
0.000010 0.000010 0.000010 0.999970
0.027469 0.633309 0.248735 0.090487
0.000010 0.775370 0.224610 0.000010
0.000010 0.742253 0.257727 0.000010
0.000010 0.999970 0.000010 0.000010
0.000010 0.621785 0.378195 0.000010
0.000010 0.972121 0.027859 0.000010
0.149592 0.405560 0.444838 0.000010
0.000010 0.851065 0.148915 0.000010
0.051053 0.751132 0.197805 0.000010
0.027944 0.637563 0.244788 0.089705
0.000010 0.643659 0.356321 0.000010
0.075381 0.698096 0.226513 0.000010
0.000010 0.000010 0.016194 0.983786
0.122838 0.790927 0.086225 0.000010
0.000010 0.601654 0.398326 0.000010
0.101556 0.233351 0.665084 0.000010
0.000010 0.793032 0.206948 0.000010
0.000010 0.179902 0.056506 0.763583
0.000010 0.578795 0.279654 0.141540
0.000010 0.704974 0.295006 0.000010
0.000010 0.292779 0.707201 0.000010
0.000010 0.187283 0.050223 0.762484
0.459416 0.177023 0.363550 0.000010
0.000010 0.070320 0.929660 0.000010
0.000010 0.701146 0.298834 0.000010
0.000010 0.703732 0.119444 0.176815
0.043832 0.599155 0.357003 0.000010
0.466729 0.178267 0.354994 0.000010
0.000010 0.555971 0.413019 0.030999
0.000010 0.618102 0.381878 0.000010
0.000010 0.676047 0.323933 0.000010
0.000010 0.701435 0.000010 0.298545
0.000010 0.626726 0.373254 0.000010
0.000010 0.417060 0.582920 0.000010
0.000010 0.422759 0.577221 0.000010
0.000010 0.685063 0.288362 0.026565
0.000010 0.796766 0.203214 0.000010
0.000010 0.570167 0.429813 0.000010
0.449487 0.101060 0.301961 0.147493
0.000010 0.186952 0.000010 0.813028
0.000010 0.111736 0.058080 0.830174
0.000010 0.201620 0.278287 0.520083
0.157235 0.614323 0.228432 0.000010
0.000010 0.428895 0.322357 0.248738
0.000010 0.638162 0.000010 0.361818
0.000010 0.052565 0.094567 0.852858
0.000010 0.999970 0.000010 0.000010
0.000010 0.685240 0.314740 0.000010
0.052969 0.590849 0.126353 0.229830
0.000010 0.380702 0.619278 0.000010
0.000010 0.063914 0.012572 0.923504
0.000010 0.407963 0.320257 0.271771
0.000010 0.865816 0.134164 0.000010
0.000010 0.549895 0.427588 0.022507
0.070128 0.483315 0.446547 0.000010
0.000010 0.461588 0.538392 0.000010
0.000010 0.000010 0.999970 0.000010
0.000010 0.000010 0.999970 0.000010
0.000010 0.521098 0.478882 0.000010
0.000010 0.683925 0.316055 0.000010
0.000010 0.749587 0.250393 0.000010
0.000010 0.569765 0.377594 0.052631
0.000010 0.999226 0.000754 0.000010
0.000010 0.741272 0.258708 0.000010
0.000010 0.590442 0.409538 0.000010
0.000010 0.390363 0.609617 0.000010
0.008896 0.662827 0.302362 0.025915
0.000010 0.068977 0.931003 0.000010
0.000010 0.511570 0.435824 0.052596
0.000010 0.999970 0.000010 0.000010
0.000010 0.987607 0.012373 0.000010
0.000010 0.328193 0.671787 0.000010
0.000010 0.292539 0.707441 0.000010
0.008891 0.753099 0.238000 0.000010
0.000010 0.538983 0.460997 0.000010
0.000010 0.397624 0.602356 0.000010
0.000010 0.510393 0.489587 0.000010
0.000010 0.701211 0.127334 0.171445
0.000010 0.278918 0.721062 0.000010
0.000010 0.877561 0.122419 0.000010
0.000010 0.787561 0.212419 0.000010
0.000010 0.550046 0.409176 0.040767
0.000010 0.953494 0.046486 0.000010
0.000010 0.583433 0.416547 0.000010
0.000010 0.646366 0.000010 0.353614
0.000010 0.999970 0.000010 0.000010
0.000010 0.269407 0.730573 0.000010
0.000010 0.743933 0.256047 0.000010
0.000010 0.072876 0.100305 0.826808
0.000010 0.993449 0.006531 0.000010
0.000010 0.000010 0.130256 0.869724
0.000010 0.487175 0.512805 0.000010
0.000010 0.999970 0.000010 0.000010
0.000010 0.534047 0.424280 0.041663
0.000010 0.542333 0.423970 0.033687
0.000010 0.579300 0.364414 0.056276
0.000010 0.608049 0.391931 0.000010
0.000010 0.779724 0.220256 0.000010
0.000010 0.817825 0.182155 0.000010
0.000010 0.760176 0.239804 0.000010
0.017903 0.000010 0.075033 0.907054
0.000010 0.163258 0.320469 0.516264
0.000459 0.751979 0.247551 0.000010
0.000010 0.742762 0.257218 0.000010
0.000010 0.749949 0.250031 0.000010
0.000010 0.702048 0.297932 0.000010
0.609884 0.253244 0.136862 0.000010
0.000010 0.122112 0.463529 0.414349
0.000010 0.581279 0.418701 0.000010
0.008199 0.596910 0.123260 0.271631
0.000010 0.671105 0.328875 0.000010
0.077072 0.237833 0.002217 0.682879
0.000010 0.679186 0.000010 0.320794
0.000010 0.127914 0.872066 0.000010
0.071628 0.194989 0.074145 0.659238
0.000010 0.715478 0.284502 0.000010
0.000010 0.190250 0.141226 0.668514
0.000010 0.895727 0.104253 0.000010
0.000010 0.643904 0.356076 0.000010
0.000010 0.000010 0.058805 0.941175
0.000010 0.156644 0.447181 0.396166
0.000010 0.888683 0.111297 0.000010
0.000010 0.797065 0.202915 0.000010
0.000010 0.770243 0.229737 0.000010
0.000010 0.669689 0.330291 0.000010
0.000010 0.648370 0.351610 0.000010
0.000010 0.804906 0.195074 0.000010
0.000010 0.804910 0.195070 0.000010
0.000010 0.641396 0.318416 0.040179
0.000010 0.724960 0.275020 0.000010
0.000010 0.645559 0.354421 0.000010
0.000010 0.534326 0.465654 0.000010
0.475384 0.451309 0.073297 0.000010
0.029822 0.571662 0.398506 0.000010
0.000010 0.000010 0.000010 0.999970
0.000010 0.599457 0.400523 0.000010
0.000010 0.000010 0.999970 0.000010
0.023314 0.512466 0.269202 0.195018
0.265094 0.595785 0.139111 0.000010
0.000010 0.490114 0.509866 0.000010
0.000010 0.523120 0.476860 0.000010
0.000010 0.532536 0.467444 0.000010
0.000010 0.585117 0.414863 0.000010
0.000010 0.510067 0.000010 0.489913
0.000010 0.561971 0.384360 0.053659
0.486840 0.350322 0.162828 0.000010
0.000010 0.000010 0.474285 0.525695
0.000010 0.006908 0.378286 0.614797
0.482428 0.358032 0.159530 0.000010
0.000010 0.421895 0.503332 0.074763
0.019539 0.046322 0.934129 0.000010
0.400923 0.000010 0.393527 0.205541
0.000010 0.000010 0.999970 0.000010
0.999970 0.000010 0.000010 0.000010
0.000010 0.000010 0.838890 0.161090
0.017430 0.000010 0.739187 0.243373
0.370646 0.173590 0.363034 0.092730
0.838332 0.026653 0.135004 0.000010
0.202958 0.000010 0.417724 0.379308
0.000010 0.113564 0.886416 0.000010
0.822449 0.000010 0.177531 0.000010
0.000010 0.000010 0.688868 0.311112
0.057006 0.000010 0.942974 0.000010
0.209646 0.000010 0.790334 0.000010
0.773084 0.000010 0.226896 0.000010
0.000010 0.000010 0.522172 0.477808
0.971056 0.000010 0.028924 0.000010
0.635022 0.091993 0.272974 0.000010
0.733781 0.000010 0.000010 0.266199
0.106720 0.014352 0.094518 0.784409
0.000010 0.000010 0.619029 0.380951
0.356146 0.000010 0.000010 0.643834
0.000010 0.000010 0.000010 0.999970
0.882751 0.000010 0.117229 0.000010
0.190455 0.000010 0.000010 0.809525
0.000010 0.040932 0.949229 0.009830
0.000010 0.000010 0.999970 0.000010
0.635284 0.015068 0.349638 0.000010
0.168536 0.000010 0.831444 0.000010
0.149772 0.000010 0.850208 0.000010
0.000010 0.038768 0.166679 0.794543
0.999970 0.000010 0.000010 0.000010
0.000010 0.000010 0.286663 0.713317
0.000010 0.020436 0.979544 0.000010
0.035082 0.000010 0.964898 0.000010
0.461738 0.000010 0.538242 0.000010
0.452273 0.000010 0.544287 0.003431
0.340603 0.118767 0.233506 0.307124
0.122038 0.000010 0.877942 0.000010
0.515111 0.430913 0.000010 0.053965
0.259790 0.000010 0.000010 0.740190
0.509657 0.000010 0.490323 0.000010
0.052113 0.000010 0.947867 0.000010
0.000010 0.000010 0.000010 0.999970
0.296462 0.000010 0.703518 0.000010
0.000010 0.000010 0.999970 0.000010
0.000010 0.000010 0.685159 0.314821
0.125826 0.061389 0.812775 0.000010
0.000010 0.000010 0.999970 0.000010
0.868542 0.000010 0.131438 0.000010
0.999970 0.000010 0.000010 0.000010
0.226382 0.000010 0.773598 0.000010
0.000010 0.000010 0.999970 0.000010
0.675569 0.000010 0.000010 0.324411
0.358850 0.000010 0.000010 0.641130
0.676159 0.000010 0.276081 0.047750
0.219601 0.000010 0.780379 0.000010
0.228604 0.291751 0.310801 0.168845
0.188673 0.000010 0.811307 0.000010
0.305042 0.049053 0.645895 0.000010
0.174089 0.056621 0.219989 0.549302
0.999970 0.000010 0.000010 0.000010
0.380990 0.000010 0.618990 0.000010
0.457248 0.000010 0.000010 0.542732
0.059499 0.000010 0.940481 0.000010
0.000010 0.000010 0.999970 0.000010
0.780143 0.169383 0.050464 0.000010
0.449114 0.000010 0.294515 0.256361
0.600306 0.110837 0.288848 0.000010
0.422412 0.000010 0.526677 0.050901
0.383696 0.000010 0.312240 0.304054
0.101995 0.000010 0.897985 0.000010
0.394349 0.000010 0.605631 0.000010
0.420092 0.000010 0.545464 0.034433
0.000010 0.000010 0.999970 0.000010
0.630242 0.229068 0.140680 0.000010
0.466863 0.000010 0.432084 0.101042
0.000010 0.000010 0.422734 0.577246
0.231184 0.072748 0.251224 0.444844
0.000010 0.000010 0.999970 0.000010
0.102333 0.000010 0.181810 0.715847
0.999970 0.000010 0.000010 0.000010
0.000010 0.000010 0.522884 0.477096
0.041837 0.175290 0.624613 0.158260
0.178727 0.000010 0.000010 0.821253
0.669271 0.154919 0.000010 0.175801
0.000010 0.222452 0.000010 0.777528
0.249903 0.000010 0.035176 0.714910
0.725033 0.000010 0.274947 0.000010
0.999970 0.000010 0.000010 0.000010
0.549479 0.000010 0.450501 0.000010
0.752631 0.000010 0.000010 0.247349
0.550838 0.000010 0.193918 0.255234
0.312752 0.000010 0.687228 0.000010
0.000010 0.000010 0.113241 0.886739
0.222357 0.000010 0.000010 0.777623
0.000010 0.000010 0.199361 0.800619
0.048455 0.000010 0.951525 0.000010
0.394907 0.063128 0.401122 0.140843
0.085250 0.000010 0.683310 0.231430
0.435799 0.533847 0.030344 0.000010
0.000010 0.000010 0.745890 0.254090
0.508167 0.000010 0.491813 0.000010
0.465972 0.531682 0.002336 0.000010
0.626531 0.094154 0.279305 0.000010
0.437910 0.000010 0.562070 0.000010
0.921096 0.000010 0.078884 0.000010
0.226504 0.042643 0.380469 0.350384
0.000010 0.000010 0.999970 0.000010
0.556191 0.083780 0.310995 0.049035
0.222145 0.090993 0.686852 0.000010
0.000010 0.000010 0.000010 0.999970
0.573182 0.018977 0.000010 0.407831
0.973928 0.000010 0.000010 0.026052
0.000010 0.000010 0.903417 0.096563
0.491909 0.110401 0.397679 0.000010
0.000010 0.000010 0.999970 0.000010
0.808190 0.000010 0.191790 0.000010
0.000010 0.000010 0.895001 0.104979
0.123917 0.000010 0.172192 0.703881
0.148217 0.000010 0.851763 0.000010
0.473476 0.223276 0.303237 0.000010
0.240010 0.289536 0.293390 0.177064
0.000010 0.000010 0.999970 0.000010
0.092868 0.000010 0.907112 0.000010
0.533902 0.000010 0.000010 0.466078
0.999970 0.000010 0.000010 0.000010
0.980838 0.000010 0.019142 0.000010
0.554319 0.125875 0.319796 0.000010
0.189414 0.000010 0.751340 0.059236
0.000010 0.005207 0.869786 0.124997
0.453789 0.000010 0.546191 0.000010
0.991060 0.000010 0.008920 0.000010
0.051121 0.000010 0.948859 0.000010
0.000010 0.000010 0.999970 0.000010
0.000010 0.000010 0.999970 0.000010
0.206025 0.000010 0.793955 0.000010
0.675603 0.057236 0.267151 0.000010
0.248431 0.181045 0.220330 0.350194
0.999970 0.000010 0.000010 0.000010
0.187054 0.000010 0.000010 0.812926
0.010618 0.000010 0.989362 0.000010
0.999970 0.000010 0.000010 0.000010
0.229457 0.000010 0.707039 0.063494
0.000010 0.000010 0.823668 0.176312
0.615129 0.197730 0.187132 0.000010
0.122981 0.000010 0.876999 0.000010
0.000010 0.000010 0.999970 0.000010
0.000010 0.000010 0.024162 0.975818
0.340162 0.000010 0.000010 0.659818
0.996307 0.000010 0.000010 0.003673
0.174099 0.152021 0.673870 0.000010
0.349962 0.000010 0.650018 0.000010
0.402295 0.082907 0.370937 0.143862
0.945295 0.000010 0.054685 0.000010
0.920827 0.000010 0.079153 0.000010
0.600090 0.000010 0.399890 0.000010
0.948851 0.000010 0.051129 0.000010
0.000010 0.000010 0.999970 0.000010
0.000010 0.000010 0.000010 0.999970
0.640183 0.126416 0.233391 0.000010
0.740012 0.000010 0.000010 0.259968
0.427521 0.000010 0.572459 0.000010
0.245173 0.000010 0.754807 0.000010
0.000010 0.000010 0.999970 0.000010
0.578259 0.102119 0.206659 0.112963
0.000010 0.000010 0.999970 0.000010
0.850630 0.000010 0.149350 0.000010
0.176327 0.179512 0.221398 0.422763
0.644321 0.000010 0.355659 0.000010
0.850636 0.000010 0.149344 0.000010
0.802147 0.000010 0.197833 0.000010
0.631738 0.000010 0.368242 0.000010
0.051029 0.000010 0.948951 0.000010
0.930650 0.000010 0.069330 0.000010
0.223595 0.000010 0.776385 0.000010
0.999970 0.000010 0.000010 0.000010
0.760779 0.003918 0.235294 0.000010
0.649541 0.000010 0.350439 0.000010
0.121866 0.000010 0.699215 0.178909
0.582051 0.000010 0.417929 0.000010
0.140705 0.000010 0.859275 0.000010
0.000010 0.000010 0.844819 0.155161
0.000010 0.066579 0.890328 0.043083
0.000010 0.000010 0.833658 0.166322
0.000010 0.000010 0.258491 0.741489
0.217833 0.000010 0.293215 0.488943
0.020361 0.000010 0.979619 0.000010
0.000010 0.000010 0.999970 0.000010
0.000010 0.000010 0.000010 0.999970
0.999970 0.000010 0.000010 0.000010
0.825396 0.000010 0.072675 0.101919
0.103778 0.110653 0.785559 0.000010
0.000010 0.117143 0.136273 0.746574
0.798372 0.000010 0.000010 0.201608
0.124376 0.000010 0.797755 0.077859
0.000010 0.000010 0.721210 0.278770
0.437620 0.000010 0.378505 0.183865
0.892827 0.000010 0.040110 0.067053
0.709628 0.000010 0.290352 0.000010
0.796418 0.018374 0.171902 0.013306
0.232873 0.000010 0.767107 0.000010
0.068140 0.110614 0.821236 0.000010
0.174039 0.000010 0.825941 0.000010
0.882215 0.000010 0.117765 0.000010
0.000010 0.166337 0.154446 0.679207
0.000010 0.000010 0.999970 0.000010
0.000010 0.000010 0.000010 0.999970
0.515792 0.176545 0.155988 0.151675
0.178367 0.000010 0.659899 0.161724
0.889580 0.049570 0.043343 0.017507
0.111320 0.000010 0.791248 0.097422
0.826034 0.000010 0.173946 0.000010
0.000010 0.000010 0.496707 0.503273
0.002188 0.000010 0.997792 0.000010
0.381487 0.000010 0.000010 0.618493
0.902137 0.000010 0.097843 0.000010
0.208972 0.047524 0.743494 0.000010
0.000010 0.000010 0.999970 0.000010
0.000010 0.000010 0.038545 0.961435
0.714018 0.000010 0.285962 0.000010
0.698903 0.000010 0.301077 0.000010
0.215090 0.000010 0.121979 0.662921
0.000010 0.000010 0.497933 0.502047
0.040282 0.382720 0.141381 0.435617
0.000010 0.071386 0.000010 0.928594
0.000010 0.000010 0.557949 0.442031
0.000010 0.062029 0.153794 0.784167
0.991151 0.000010 0.008829 0.000010
0.273226 0.000010 0.000010 0.726754
0.000010 0.000010 0.999970 0.000010
0.379481 0.000010 0.615017 0.005493
0.353407 0.000010 0.614747 0.031836
0.000010 0.000010 0.999970 0.000010
0.654320 0.000010 0.000010 0.345660
0.134059 0.000010 0.707938 0.157994
0.228722 0.000010 0.609261 0.162006
0.000010 0.051101 0.185259 0.763629
0.650665 0.103451 0.234300 0.011584
0.000010 0.000010 0.000010 0.999970
0.810206 0.000010 0.091482 0.098303
0.391573 0.047813 0.550302 0.010313
0.000010 0.026764 0.000010 0.973216
0.690968 0.000010 0.309012 0.000010
0.718630 0.000010 0.281350 0.000010
0.596281 0.000010 0.403699 0.000010
0.181014 0.000010 0.103296 0.715681
0.000010 0.000010 0.000010 0.999970
0.000010 0.000010 0.999970 0.000010
0.086719 0.040733 0.872538 0.000010
0.754997 0.120607 0.000010 0.124387
0.989056 0.000010 0.010924 0.000010
0.642391 0.000010 0.357589 0.000010
0.577304 0.000010 0.293952 0.128735
0.595833 0.134405 0.269752 0.000010
0.428951 0.000010 0.156823 0.414215
0.323538 0.000010 0.077491 0.598961
0.111842 0.000010 0.000010 0.888138
0.000010 0.000010 0.633484 0.366496
0.000010 0.000010 0.376857 0.623123
0.000010 0.000010 0.706197 0.293783
0.188866 0.123422 0.687702 0.000010
0.000010 0.000010 0.188239 0.811741
0.000010 0.000010 0.999970 0.000010
0.135048 0.000010 0.864932 0.000010
0.000010 0.111884 0.000010 0.888096
0.444012 0.046349 0.024519 0.485120
0.094507 0.000010 0.905473 0.000010
0.000010 0.000010 0.940433 0.059547
0.000010 0.282623 0.391987 0.325380
0.547869 0.186457 0.265664 0.000010
0.901052 0.000010 0.098928 0.000010
0.235144 0.000010 0.729293 0.035554
0.000010 0.000010 0.981635 0.018345
0.999970 0.000010 0.000010 0.000010
0.174858 0.313055 0.362601 0.149486
0.000010 0.000010 0.399219 0.600761
0.633896 0.000010 0.366084 0.000010
0.914758 0.028836 0.056396 0.000010
0.576909 0.000010 0.423071 0.000010
0.000010 0.000010 0.999970 0.000010
0.225624 0.647562 0.126805 0.000010
0.200408 0.000010 0.263933 0.535649
0.879501 0.000010 0.120479 0.000010
0.258571 0.000010 0.072551 0.668868
0.997384 0.000010 0.002596 0.000010
0.203412 0.000010 0.796568 0.000010
0.792042 0.000010 0.207938 0.000010
0.702985 0.131027 0.165978 0.000010
0.188305 0.000010 0.389210 0.422475
0.000010 0.070839 0.079394 0.849757
0.731168 0.000010 0.268812 0.000010
0.000010 0.000010 0.359005 0.640975
0.000010 0.000010 0.999970 0.000010
0.000010 0.533161 0.409410 0.057420
0.000010 0.000010 0.999970 0.000010
0.000010 0.000010 0.999970 0.000010
0.378450 0.549608 0.000010 0.071932
0.000010 0.072043 0.525804 0.402143
0.000010 0.110961 0.487588 0.401441
0.000010 0.000010 0.999970 0.000010
0.605252 0.000010 0.394728 0.000010
0.176711 0.000010 0.823269 0.000010
0.000010 0.000010 0.969093 0.030887
0.914544 0.000010 0.085436 0.000010
0.000010 0.000010 0.681996 0.317984
0.653573 0.000010 0.094405 0.252012
0.478421 0.000010 0.220893 0.300676
0.000010 0.000010 0.999970 0.000010
0.718571 0.000010 0.281409 0.000010
0.066779 0.000010 0.933201 0.000010
0.135205 0.000010 0.864775 0.000010
0.279111 0.022950 0.000010 0.697929
0.140235 0.281305 0.378299 0.200161
0.124353 0.005565 0.007281 0.862800
0.221741 0.000010 0.130896 0.647353
0.278365 0.074323 0.647302 0.000010
0.000010 0.000010 0.762522 0.237458
0.582106 0.148147 0.269737 0.000010
0.122130 0.005255 0.025622 0.846993
0.000010 0.000010 0.999970 0.000010
0.000010 0.000010 0.999970 0.000010
0.750892 0.007742 0.241356 0.000010
0.114587 0.040733 0.000010 0.844670
0.000010 0.000010 0.278059 0.721921
0.000010 0.000010 0.999970 0.000010
0.061788 0.000010 0.758424 0.179778
0.000010 0.000010 0.064503 0.935477
0.317486 0.000010 0.682494 0.000010
0.000010 0.000010 0.182174 0.817806
0.000010 0.000010 0.138080 0.861900
0.000010 0.000010 0.002205 0.997775
0.269617 0.000010 0.246949 0.483424
0.406746 0.165732 0.139062 0.288461
0.047848 0.481504 0.298502 0.172146
0.704667 0.029258 0.266065 0.000010
0.000010 0.000010 0.999970 0.000010
0.000010 0.159974 0.567903 0.272113
0.000010 0.000010 0.999970 0.000010
0.438592 0.561388 0.000010 0.000010
0.257312 0.217974 0.356736 0.167978
0.999970 0.000010 0.000010 0.000010
0.475665 0.000010 0.524315 0.000010
0.000010 0.000010 0.359333 0.640647
0.125792 0.035369 0.838829 0.000010
0.329787 0.000010 0.221690 0.448513
0.098280 0.160068 0.000010 0.741642
0.703160 0.066968 0.201740 0.028132
0.000771 0.050036 0.949183 0.000010
0.000010 0.000010 0.852825 0.147155
0.977875 0.000010 0.022105 0.000010
0.000010 0.000010 0.463640 0.536340
0.000010 0.000010 0.740395 0.259585
0.137710 0.000010 0.594347 0.267933
0.354110 0.029900 0.282945 0.333045
0.155612 0.000010 0.253992 0.590386
0.168733 0.000010 0.831247 0.000010
0.065573 0.000010 0.301717 0.632700
0.000010 0.000010 0.999970 0.000010
0.000010 0.000010 0.605079 0.394901
0.203149 0.000010 0.571789 0.225052
0.000010 0.000010 0.999970 0.000010
0.029129 0.113839 0.309755 0.547277
0.000010 0.000010 0.999970 0.000010
0.227333 0.000010 0.772647 0.000010
0.322674 0.000010 0.677306 0.000010
0.749951 0.000010 0.250029 0.000010
0.282029 0.000010 0.280528 0.437433
0.960105 0.000010 0.039875 0.000010
0.227430 0.640299 0.132261 0.000010
0.547188 0.014927 0.437875 0.000010
0.531135 0.000010 0.000010 0.468845
0.000010 0.000010 0.999970 0.000010
0.060724 0.226624 0.388533 0.324119
