0.756944 0.000010 0.000010 0.243026 0.000010
0.689269 0.046770 0.263941 0.000010 0.000010
0.688988 0.043578 0.267414 0.000010 0.000010
0.536543 0.000010 0.293223 0.170214 0.000010
0.000010 0.000010 0.025905 0.974065 0.000010
0.256325 0.016076 0.727578 0.000010 0.000010
0.893846 0.106124 0.000010 0.000010 0.000010
0.647973 0.113339 0.238669 0.000010 0.000010
0.085658 0.000010 0.304360 0.609963 0.000010
0.999960 0.000010 0.000010 0.000010 0.000010
0.196596 0.000010 0.803374 0.000010 0.000010
0.299378 0.024605 0.208893 0.467113 0.000010
0.249298 0.000010 0.202573 0.485093 0.063027
0.249214 0.000010 0.534408 0.163528 0.052839
0.216268 0.000010 0.783702 0.000010 0.000010
0.320657 0.263022 0.416301 0.000010 0.000010
0.885172 0.000010 0.114798 0.000010 0.000010
0.457813 0.000010 0.000010 0.542157 0.000010
0.644252 0.000010 0.355718 0.000010 0.000010
0.017535 0.022208 0.309019 0.651229 0.000010
0.598805 0.000010 0.273592 0.127583 0.000010
0.170671 0.000010 0.541214 0.288095 0.000010
0.645403 0.019157 0.335420 0.000010 0.000010
0.000010 0.000010 0.805669 0.194301 0.000010
0.183949 0.096686 0.645287 0.000010 0.074067
0.483848 0.004147 0.274672 0.237323 0.000010
0.467350 0.075011 0.218566 0.239064 0.000010
0.098488 0.228619 0.666084 0.006799 0.000010
0.124431 0.000010 0.530464 0.345085 0.000010
0.795828 0.000010 0.132777 0.000010 0.071375
0.497170 0.000010 0.229443 0.273367 0.000010
0.318167 0.120055 0.173382 0.388386 0.000010
0.636818 0.000010 0.363152 0.000010 0.000010
0.000010 0.000010 0.885119 0.000010 0.114851
0.696679 0.000010 0.244551 0.000010 0.058749
0.171881 0.014432 0.258909 0.444736 0.110042
0.461777 0.000010 0.163245 0.048963 0.326005
0.866914 0.000010 0.000010 0.014517 0.118549
0.362139 0.073333 0.450948 0.113571 0.000010
0.228928 0.000010 0.434991 0.336061 0.000010
0.000010 0.231070 0.000010 0.768900 0.000010
0.620276 0.055511 0.129105 0.144032 0.051075
0.386282 0.000010 0.250600 0.363098 0.000010
0.167284 0.064159 0.378002 0.390545 0.000010
0.541097 0.024840 0.316133 0.117920 0.000010
0.300384 0.015729 0.670431 0.013447 0.000010
0.436079 0.475431 0.008438 0.080042 0.000010
0.569802 0.000010 0.430168 0.000010 0.000010
0.999960 0.000010 0.000010 0.000010 0.000010
0.589065 0.000010 0.126268 0.284647 0.000010
0.000010 0.145326 0.854644 0.000010 0.000010
0.997862 0.002108 0.000010 0.000010 0.000010
0.041856 0.112769 0.213851 0.631515 0.000010
0.200262 0.019955 0.296391 0.483383 0.000010
0.547697 0.056774 0.122900 0.272620 0.000010
0.832769 0.056449 0.000010 0.110762 0.000010
0.245032 0.047008 0.692118 0.015831 0.000010
0.152899 0.149779 0.697302 0.000010 0.000010
0.791904 0.017395 0.096303 0.039941 0.054458
0.655682 0.166243 0.000010 0.124972 0.053093
0.121398 0.000010 0.765432 0.113150 0.000010
0.997542 0.002428 0.000010 0.000010 0.000010
0.526158 0.000010 0.145786 0.245223 0.082823
0.269732 0.000010 0.136296 0.593952 0.000010
0.143338 0.000010 0.000010 0.856632 0.000010
0.000010 0.033278 0.966692 0.000010 0.000010
0.999960 0.000010 0.000010 0.000010 0.000010
0.629414 0.110880 0.259687 0.000010 0.000010
0.056809 0.000010 0.094984 0.057548 0.790648
0.000010 0.000010 0.137735 0.000010 0.862235
0.000010 0.000010 0.000010 0.837494 0.162476
0.000010 0.000010 0.000010 0.834057 0.165913
0.000010 0.059609 0.000010 0.760734 0.179637
0.000010 0.226300 0.043911 0.270461 0.459318
0.000010 0.000010 0.000010 0.459957 0.540013
0.000010 0.000010 0.000010 0.000010 0.999960
0.000010 0.000010 0.380941 0.000010 0.619029
0.000010 0.000010 0.000010 0.125065 0.874905
0.000010 0.210158 0.080527 0.493438 0.215867
0.000010 0.311129 0.270975 0.417876 0.000010
0.000010 0.000010 0.000010 0.000010 0.999960
0.000010 0.000010 0.000010 0.000010 0.999960
0.000010 0.000010 0.000010 0.789228 0.210742
0.000010 0.000010 0.141752 0.100039 0.758189
0.000010 0.058054 0.000010 0.000010 0.941916
0.000010 0.509590 0.019487 0.325263 0.145650
0.000010 0.000010 0.511721 0.000010 0.488249
0.000010 0.372118 0.000010 0.029790 0.598072
0.000010 0.185199 0.000010 0.000010 0.814771
0.000010 0.000010 0.224315 0.775655 0.000010
0.288663 0.000010 0.191834 0.000010 0.519483
0.000010 0.000010 0.000010 0.000010 0.999960
0.000010 0.078882 0.000010 0.814444 0.106654
0.000010 0.000010 0.498167 0.000010 0.501803
0.000010 0.000010 0.504039 0.000010 0.495931
0.102873 0.146487 0.248328 0.000010 0.502302
0.000010 0.142358 0.000010 0.217644 0.639978
0.000010 0.000010 0.000010 0.933571 0.066399
0.047982 0.000010 0.000010 0.000010 0.951988
0.000010 0.073514 0.262701 0.000010 0.663765
0.000010 0.119960 0.127240 0.131159 0.621632
0.000010 0.035364 0.000010 0.585391 0.379225
0.000010 0.000010 0.000010 0.083000 0.916970
0.000010 0.354633 0.142219 0.000010 0.503128
0.000010 0.498552 0.081928 0.277702 0.141808
0.000010 0.031085 0.000010 0.898751 0.070144
0.000010 0.309089 0.593802 0.097089 0.000010
0.000010 0.311239 0.000010 0.363589 0.325152
0.000010 0.000010 0.000010 0.000010 0.999960
0.000010 0.263480 0.073827 0.508311 0.154372
0.000010 0.000010 0.452965 0.000010 0.547005
0.000010 0.000010 0.626038 0.000010 0.373932
0.000010 0.000010 0.448972 0.000010 0.550998
0.000010 0.042804 0.000010 0.000010 0.957166
0.000010 0.033101 0.000010 0.387291 0.579587
0.000010 0.000010 0.309062 0.225072 0.465846
0.000010 0.000010 0.000010 0.460634 0.539336
0.366418 0.469619 0.130003 0.000010 0.033950
0.000010 0.096948 0.228391 0.238097 0.436554
0.000010 0.000010 0.567513 0.316908 0.115558
0.108791 0.000010 0.080843 0.000010 0.810346
0.000010 0.000010 0.118068 0.286493 0.595418
0.222152 0.000010 0.021353 0.000010 0.756475
0.000010 0.137617 0.278547 0.000010 0.583816
0.000010 0.209754 0.000010 0.000010 0.790216
0.000010 0.105683 0.000010 0.894287 0.000010
0.000010 0.000010 0.000010 0.000010 0.999960
0.000010 0.000010 0.282419 0.000010 0.717551
0.000010 0.000010 0.569446 0.000010 0.430524
0.000010 0.000010 0.525734 0.000010 0.474236
0.000010 0.000010 0.999960 0.000010 0.000010
0.000010 0.000010 0.999960 0.000010 0.000010
0.000010 0.275616 0.000010 0.582957 0.141407
0.000010 0.000010 0.899344 0.000010 0.100626
0.000010 0.000010 0.000010 0.357196 0.642774
0.000010 0.000010 0.365992 0.088148 0.545839
0.000010 0.000010 0.717013 0.000010 0.282957
0.000010 0.999960 0.000010 0.000010 0.000010
0.000010 0.999960 0.000010 0.000010 0.000010
0.000010 0.000010 0.009875 0.365276 0.624829
0.000010 0.115211 0.310394 0.000010 0.574375
0.000010 0.282145 0.000010 0.260395 0.457441
0.000010 0.999960 0.000010 0.000010 0.000010
0.000010 0.075842 0.000010 0.000010 0.924128
0.000010 0.000010 0.751242 0.000010 0.248728
0.000010 0.999960 0.000010 0.000010 0.000010
0.000010 0.294288 0.000010 0.269366 0.436326
0.000010 0.999960 0.000010 0.000010 0.000010
0.000010 0.000010 0.000010 0.000010 0.999960
0.000010 0.000010 0.348494 0.000010 0.651476
0.000010 0.422390 0.278042 0.000010 0.299548
0.000010 0.000010 0.257907 0.101582 0.640491
0.000010 0.000010 0.188696 0.000010 0.811274
0.000010 0.000010 0.000010 0.482729 0.517241
0.000010 0.055035 0.402457 0.542488 0.000010
0.000010 0.000010 0.662195 0.080768 0.257017
0.000010 0.313515 0.000010 0.088806 0.597659
0.000010 0.000010 0.000010 0.000010 0.999960
0.000010 0.999960 0.000010 0.000010 0.000010
0.000010 0.326510 0.000010 0.673460 0.000010
0.000010 0.743575 0.005527 0.000010 0.250878
0.000010 0.000010 0.000010 0.000010 0.999960
0.000010 0.999960 0.000010 0.000010 0.000010
0.000010 0.001428 0.000010 0.998542 0.000010
0.000010 0.000010 0.000010 0.000010 0.999960
0.021257 0.068416 0.000010 0.000010 0.910307
0.000010 0.000010 0.119981 0.000010 0.879989
0.000010 0.000010 0.110026 0.000010 0.889944
0.000010 0.000010 0.106924 0.000010 0.893046
0.000010 0.000010 0.000010 0.183025 0.816945
0.000010 0.003075 0.000010 0.187297 0.809608
0.000010 0.000010 0.000010 0.999960 0.000010
0.000010 0.066074 0.000010 0.000010 0.933896
0.000010 0.410418 0.000010 0.091545 0.498017
0.000010 0.000010 0.000010 0.000010 0.999960
0.000010 0.403823 0.000010 0.000010 0.596147
0.000016 0.326748 0.000010 0.000010 0.673216
0.000010 0.000010 0.000010 0.999960 0.000010
0.000010 0.000010 0.000010 0.000010 0.999960
0.000010 0.000010 0.000010 0.999960 0.000010
0.000010 0.000010 0.000010 0.275299 0.724671
0.000010 0.000010 0.000010 0.000010 0.999960
0.000010 0.000010 0.000010 0.177318 0.822652
0.000010 0.000010 0.000010 0.999960 0.000010
0.000010 0.075336 0.000010 0.192743 0.731901
0.000010 0.000010 0.000010 0.106289 0.893681
0.000010 0.000010 0.285873 0.000010 0.714097
0.000010 0.431923 0.000010 0.000010 0.568047
0.000010 0.000010 0.109526 0.000010 0.890444
0.000010 0.288561 0.000010 0.000010 0.711409
0.000010 0.143592 0.000010 0.131147 0.725241
0.000010 0.064542 0.037739 0.852634 0.045076
0.000010 0.000010 0.000010 0.000010 0.999960
0.000010 0.385912 0.000010 0.144046 0.470022
0.000010 0.062688 0.000010 0.000010 0.937282
0.000010 0.000010 0.000010 0.291542 0.708428
0.000010 0.000010 0.000010 0.999960 0.000010
0.000010 0.000010 0.000010 0.166835 0.833135
0.000010 0.059683 0.000010 0.075947 0.864349
0.018142 0.000010 0.000010 0.000010 0.981828
0.000010 0.628378 0.000010 0.000010 0.371592
0.000010 0.056036 0.277090 0.000010 0.666854
0.000010 0.403823 0.000010 0.000010 0.596147
0.020087 0.000010 0.000010 0.202118 0.777775
0.000010 0.332872 0.000010 0.000010 0.667098
0.000010 0.000010 0.000010 0.000010 0.999960
0.000010 0.000010 0.000010 0.166262 0.833708
0.000010 0.064194 0.000016 0.000010 0.935769
0.000010 0.000010 0.000010 0.000010 0.999960
0.000010 0.000010 0.000010 0.999960 0.000010
0.000010 0.113957 0.177183 0.000010 0.708839
0.000010 0.116716 0.098362 0.000010 0.784901
0.006250 0.126069 0.000010 0.153746 0.713925
0.000010 0.000010 0.000010 0.001846 0.998124
0.000010 0.000010 0.000010 0.328155 0.671815
0.000010 0.278823 0.000010 0.097647 0.623510
0.000010 0.041699 0.113180 0.000010 0.845101
0.064577 0.236765 0.000010 0.000010 0.698637
0.000010 0.025209 0.041295 0.454958 0.478528
0.000010 0.000010 0.000010 0.000010 0.999960
0.000010 0.000010 0.000010 0.215740 0.784230
0.000010 0.115920 0.000010 0.164228 0.719832
0.000010 0.293532 0.000010 0.061517 0.644931
0.000010 0.000010 0.117503 0.000010 0.882467
0.000010 0.000010 0.000010 0.000010 0.999960
0.000010 0.000010 0.266510 0.031557 0.701913
0.000010 0.000010 0.000010 0.000010 0.999960
0.000010 0.000010 0.000010 0.000010 0.999960
0.000010 0.374594 0.229195 0.196479 0.199722
0.000010 0.333032 0.000010 0.000010 0.666938
0.000010 0.000010 0.000010 0.000010 0.999960
0.000010 0.000010 0.000010 0.000010 0.999960
0.000010 0.470852 0.000010 0.033139 0.495989
0.000010 0.000010 0.000010 0.000010 0.999960
0.000010 0.000010 0.000010 0.470898 0.529072
0.286572 0.190748 0.000010 0.258245 0.264425
0.000010 0.307134 0.000010 0.613665 0.079181
0.000010 0.023430 0.000010 0.976540 0.000010
0.000010 0.000010 0.000010 0.524900 0.475070
0.000013 0.127507 0.000010 0.046845 0.825626
0.000010 0.016846 0.662775 0.305192 0.015177
0.000010 0.999960 0.000010 0.000010 0.000010
0.000010 0.092911 0.000010 0.770185 0.136884
0.000010 0.999960 0.000010 0.000010 0.000010
0.000010 0.228999 0.770971 0.000010 0.000010
0.000010 0.000010 0.000010 0.215159 0.784811
0.183060 0.475729 0.103975 0.237226 0.000010
0.000010 0.000010 0.000010 0.999960 0.000010
0.000010 0.000017 0.851314 0.148649 0.000010
0.000010 0.999960 0.000010 0.000010 0.000010
0.000010 0.022577 0.963373 0.014031 0.000010
0.000010 0.000010 0.109245 0.000010 0.890725
0.000010 0.007702 0.000010 0.258958 0.733320
0.000010 0.000010 0.565480 0.000010 0.434490
0.000010 0.000010 0.541842 0.000010 0.458128
0.000010 0.000010 0.901605 0.000010 0.098365
0.000010 0.000010 0.000010 0.000010 0.999960
0.000010 0.000010 0.187915 0.000010 0.812055
0.000010 0.000010 0.999960 0.000010 0.000010
0.000010 0.999960 0.000010 0.000010 0.000010
0.000010 0.999960 0.000010 0.000010 0.000010
0.000010 0.000010 0.000010 0.000010 0.999960
0.000010 0.999960 0.000010 0.000010 0.000010
0.000010 0.069992 0.344658 0.000010 0.585330
0.000010 0.000010 0.000010 0.533369 0.466601
0.000010 0.000010 0.880024 0.119946 0.000010
0.000010 0.999960 0.000010 0.000010 0.000010
0.000010 0.073321 0.028052 0.000010 0.898607
0.000010 0.999960 0.000010 0.000010 0.000010
0.000010 0.000010 0.363595 0.000010 0.636375
0.000010 0.000010 0.752665 0.000010 0.247305
0.000010 0.073546 0.000010 0.000010 0.926424
0.232374 0.451882 0.000010 0.315724 0.000010
0.000010 0.000010 0.454554 0.000010 0.545416
0.000010 0.999960 0.000010 0.000010 0.000010
0.000010 0.000010 0.000010 0.390005 0.609965
0.000010 0.000010 0.000010 0.000010 0.999960
0.000010 0.324145 0.000010 0.000010 0.675825
0.000010 0.000010 0.999960 0.000010 0.000010
0.000010 0.999960 0.000010 0.000010 0.000010
0.000010 0.999960 0.000010 0.000010 0.000010
0.000010 0.999960 0.000010 0.000010 0.000010
0.000010 0.999960 0.000010 0.000010 0.000010
0.000010 0.013021 0.000010 0.334931 0.652027
0.000010 0.000010 0.000010 0.000010 0.999960
0.000010 0.000010 0.160912 0.394848 0.444220
0.000010 0.051875 0.000010 0.000010 0.948095
0.000010 0.000010 0.000010 0.999960 0.000010
0.000010 0.999960 0.000010 0.000010 0.000010
0.000010 0.330828 0.000010 0.000010 0.669142
0.000010 0.000010 0.999960 0.000010 0.000010
0.000010 0.000010 0.999960 0.000010 0.000010
0.000010 0.000010 0.999960 0.000010 0.000010
0.000010 0.999960 0.000010 0.000010 0.000010
0.000010 0.000010 0.000010 0.000010 0.999960
0.000010 0.000010 0.015456 0.000010 0.984514
0.000010 0.000010 0.000010 0.000010 0.999960
0.000010 0.000010 0.000010 0.999960 0.000010
0.000010 0.094598 0.000010 0.780822 0.124560
0.000010 0.002844 0.000010 0.000010 0.997126
0.000010 0.000010 0.999960 0.000010 0.000010
0.000010 0.000010 0.999960 0.000010 0.000010
0.000010 0.000010 0.999960 0.000010 0.000010
0.718966 0.093734 0.000010 0.000010 0.187279
0.000010 0.000010 0.999960 0.000010 0.000010
0.226517 0.033833 0.419445 0.320195 0.000010
0.000010 0.080153 0.919817 0.000010 0.000010
0.000010 0.000010 0.675673 0.324297 0.000010
0.999960 0.000010 0.000010 0.000010 0.000010
0.262219 0.000010 0.121990 0.615771 0.000010
0.999960 0.000010 0.000010 0.000010 0.000010
0.719301 0.085163 0.000010 0.195516 0.000010
0.953257 0.000010 0.000010 0.046713 0.000010
0.687579 0.000010 0.221292 0.000010 0.091109
0.000010 0.000010 0.999960 0.000010 0.000010
0.000010 0.000010 0.000010 0.999960 0.000010
0.861844 0.022153 0.089451 0.026543 0.000010
0.000010 0.000010 0.124273 0.875697 0.000010
0.164815 0.000010 0.835155 0.000010 0.000010
0.000010 0.000010 0.840040 0.000010 0.159930
0.303097 0.000010 0.471011 0.225872 0.000010
0.550473 0.025831 0.000010 0.355177 0.068510
0.333932 0.349422 0.291127 0.025509 0.000010
0.180867 0.000010 0.000010 0.751021 0.068092
0.066577 0.000010 0.000010 0.604162 0.329241
0.484919 0.087312 0.238321 0.189439 0.000010
0.999960 0.000010 0.000010 0.000010 0.000010
0.443581 0.000010 0.195384 0.361015 0.000010
0.153568 0.000010 0.846402 0.000010 0.000010
0.956205 0.043765 0.000010 0.000010 0.000010
0.235352 0.003572 0.119615 0.618134 0.023327
0.723766 0.000010 0.000010 0.276204 0.000010
0.528430 0.000010 0.000010 0.471540 0.000010
0.180590 0.000010 0.303130 0.498667 0.017603
0.992703 0.000010 0.000010 0.000010 0.007267
0.388014 0.000010 0.577216 0.034750 0.000010
0.719676 0.000010 0.000010 0.280294 0.000010
0.196235 0.000010 0.000010 0.803735 0.000010
0.170083 0.095237 0.568263 0.166407 0.000010
0.000010 0.143996 0.000010 0.855974 0.000010
0.284504 0.000010 0.000010 0.715466 0.000010
0.519839 0.142170 0.337971 0.000010 0.000010
0.000010 0.042834 0.195051 0.762095 0.000010
0.363120 0.000010 0.636850 0.000010 0.000010
0.090046 0.000010 0.511431 0.378982 0.019531
0.000010 0.000010 0.199948 0.800022 0.000010
0.404423 0.003940 0.000010 0.591617 0.000010
0.901188 0.000010 0.000010 0.020399 0.078393
0.114173 0.105637 0.000010 0.780170 0.000010
0.000010 0.020012 0.238641 0.741327 0.000010
0.262086 0.080543 0.356643 0.300719 0.000010
0.383156 0.000010 0.000010 0.616814 0.000010
0.000010 0.000010 0.436030 0.563940 0.000010
0.213939 0.000010 0.759258 0.026783 0.000010
0.000010 0.000010 0.000010 0.999960 0.000010
0.000010 0.000010 0.000010 0.999960 0.000010
0.000010 0.000010 0.000010 0.999960 0.000010
0.256417 0.000010 0.193154 0.550410 0.000010
0.312062 0.000010 0.208020 0.479898 0.000010
0.000010 0.128771 0.601463 0.234408 0.035348
0.728636 0.000010 0.000010 0.000010 0.271334
0.662349 0.017239 0.087860 0.144896 0.087656
0.223471 0.046765 0.049140 0.589429 0.091195
0.126759 0.000010 0.196195 0.664540 0.012496
0.441115 0.338163 0.193766 0.026946 0.000010
0.182620 0.000010 0.717233 0.100126 0.000010
0.999960 0.000010 0.000010 0.000010 0.000010
0.828779 0.014742 0.000010 0.156459 0.000010
0.000010 0.000010 0.335267 0.664703 0.000010
0.490174 0.063650 0.000010 0.355149 0.091018
0.382949 0.000010 0.000010 0.617021 0.000010
0.000010 0.000010 0.000010 0.775052 0.224918
0.349474 0.000010 0.650496 0.000010 0.000010
0.425397 0.047797 0.018322 0.508474 0.000010
0.068684 0.019643 0.020410 0.891254 0.000010
0.999960 0.000010 0.000010 0.000010 0.000010
0.000010 0.000010 0.345793 0.654177 0.000010
0.070475 0.017113 0.315815 0.596587 0.000010
0.409596 0.007472 0.000010 0.582911 0.000010
0.490128 0.000010 0.330199 0.179653 0.000010
0.212995 0.000010 0.144745 0.642240 0.000010
0.720093 0.000010 0.029415 0.250473 0.000010
0.067574 0.000010 0.091772 0.840634 0.000010
0.308523 0.023570 0.120087 0.500810 0.047011
0.103722 0.000010 0.593208 0.303050 0.000010
0.398693 0.000010 0.000010 0.601277 0.000010
0.313450 0.036624 0.107206 0.501195 0.041525
0.000010 0.000010 0.724436 0.245880 0.029664
0.230786 0.000010 0.000010 0.741418 0.027776
0.693089 0.000010 0.000010 0.197318 0.109572
0.820777 0.059708 0.119495 0.000010 0.000010
0.714372 0.000010 0.200028 0.033095 0.052495
0.461607 0.000010 0.137788 0.400585 0.000010
0.591332 0.000010 0.408638 0.000010 0.000010
0.153978 0.352810 0.493192 0.000010 0.000010
0.498088 0.000010 0.501882 0.000010 0.000010
0.485524 0.004098 0.000010 0.510358 0.000010
0.390822 0.028493 0.194096 0.385190 0.001398
0.000010 0.000010 0.999960 0.000010 0.000010
0.185524 0.000010 0.130270 0.189788 0.494408
0.301351 0.000010 0.081931 0.616698 0.000010
0.913802 0.000010 0.086168 0.000010 0.000010
0.574808 0.000010 0.425162 0.000010 0.000010
0.432377 0.052152 0.000010 0.515451 0.000010
0.586736 0.000010 0.092527 0.320718 0.000010
0.032354 0.000010 0.060590 0.701093 0.205953
0.926625 0.000010 0.000010 0.073345 0.000010
0.672095 0.000010 0.250866 0.077020 0.000010
0.543493 0.000010 0.256533 0.199954 0.000010
0.834777 0.000010 0.000010 0.165193 0.000010
0.642958 0.100321 0.032301 0.224409 0.000010
0.661218 0.000010 0.000010 0.338752 0.000010
0.294387 0.092462 0.613132 0.000010 0.000010
0.847658 0.000010 0.000010 0.152312 0.000010
0.475234 0.036851 0.308039 0.179866 0.000010
0.670649 0.000010 0.000010 0.329321 0.000010
0.199320 0.086056 0.515456 0.199158 0.000010
0.459063 0.000010 0.540907 0.000010 0.000010
0.080210 0.000010 0.644144 0.275626 0.000010
0.389527 0.060842 0.549611 0.000010 0.000010
0.990329 0.000010 0.009641 0.000010 0.000010
0.000010 0.000010 0.000010 0.999960 0.000010
0.125166 0.000010 0.000010 0.874804 0.000010
0.178606 0.000010 0.554488 0.266887 0.000010
0.602175 0.000010 0.092304 0.305501 0.000010
0.249504 0.000010 0.000010 0.750466 0.000010
0.065010 0.000010 0.173382 0.761588 0.000010
0.477627 0.240305 0.113273 0.168785 0.000010
0.594078 0.024272 0.000010 0.381631 0.000010
0.340320 0.047002 0.169889 0.442779 0.000010
0.524331 0.002547 0.000010 0.473101 0.000010
0.032031 0.010132 0.691960 0.265867 0.000010
0.676269 0.000010 0.044028 0.279683 0.000010
0.423019 0.000010 0.000010 0.576951 0.000010
0.999960 0.000010 0.000010 0.000010 0.000010
0.999960 0.000010 0.000010 0.000010 0.000010
0.999960 0.000010 0.000010 0.000010 0.000010
0.533700 0.015986 0.236008 0.214296 0.000010
0.106655 0.000010 0.893315 0.000010 0.000010
0.530747 0.000010 0.142943 0.326289 0.000010
0.218208 0.086907 0.643208 0.051667 0.000010
0.733103 0.000010 0.000010 0.266867 0.000010
0.246174 0.000010 0.000010 0.753796 0.000010
0.490666 0.098479 0.410835 0.000010 0.000010
0.356486 0.021448 0.270506 0.351551 0.000010
0.488241 0.373821 0.000010 0.000010 0.137918
0.418322 0.000065 0.376766 0.204837 0.000010
0.827052 0.000010 0.172918 0.000010 0.000010
0.520223 0.049200 0.326351 0.104216 0.000010
0.999960 0.000010 0.000010 0.000010 0.000010
0.402015 0.000010 0.064277 0.533688 0.000010
0.993106 0.000010 0.006864 0.000010 0.000010
0.396021 0.000010 0.092111 0.511848 0.000010
0.334954 0.022878 0.515494 0.126663 0.000010
0.538924 0.015972 0.164633 0.280461 0.000010
0.702230 0.000010 0.230769 0.066981 0.000010
0.369797 0.000010 0.537461 0.092722 0.000010
0.000010 0.022196 0.674311 0.303472 0.000010
0.637220 0.000010 0.118384 0.244375 0.000010
0.872490 0.086524 0.000010 0.040965 0.000010
0.214863 0.005166 0.295237 0.484724 0.000010
0.828182 0.000010 0.171788 0.000010 0.000010
0.247639 0.000010 0.403384 0.348956 0.000010
0.190880 0.000010 0.809090 0.000010 0.000010
0.377809 0.204554 0.243807 0.173820 0.000010
0.000010 0.000010 0.700515 0.299455 0.000010
0.000010 0.000010 0.762012 0.237958 0.000010
0.742211 0.085624 0.172145 0.000010 0.000010
0.003555 0.234741 0.310262 0.451432 0.000010
0.976422 0.023548 0.000010 0.000010 0.000010
0.621162 0.111703 0.199871 0.067255 0.000010
0.757771 0.000010 0.242199 0.000010 0.000010
0.963750 0.000010 0.036220 0.000010 0.000010
0.580121 0.053079 0.150687 0.216103 0.000010
0.659679 0.000010 0.340291 0.000010 0.000010
0.000010 0.000010 0.000010 0.999960 0.000010
0.000010 0.000010 0.387600 0.612370 0.000010
0.476699 0.000010 0.523271 0.000010 0.000010
0.999960 0.000010 0.000010 0.000010 0.000010
0.890172 0.000010 0.094221 0.015587 0.000010
0.715855 0.000010 0.000010 0.213707 0.070418
0.154670 0.138800 0.000010 0.706510 0.000010
0.744375 0.000010 0.000010 0.255595 0.000010
0.999960 0.000010 0.000010 0.000010 0.000010
0.492061 0.049452 0.000010 0.458467 0.000010
0.410404 0.061913 0.527663 0.000010 0.000010
0.469446 0.310279 0.220254 0.000010 0.000010
0.693066 0.000010 0.306904 0.000010 0.000010
0.320048 0.271805 0.279209 0.128928 0.000010
0.248915 0.096457 0.441496 0.213121 0.000010
0.078655 0.000010 0.371738 0.549587 0.000010
0.664704 0.000010 0.189073 0.146203 0.000010
0.129861 0.127599 0.268823 0.473707 0.000010
0.619869 0.000010 0.103624 0.276487 0.000010
0.473217 0.408059 0.052123 0.066590 0.000010
0.901340 0.000010 0.030877 0.067763 0.000010
0.000010 0.000010 0.000010 0.999960 0.000010
0.691028 0.000010 0.308942 0.000010 0.000010
0.494876 0.000010 0.221997 0.283108 0.000010
0.490816 0.000010 0.000010 0.509154 0.000010
0.578058 0.000010 0.110302 0.311620 0.000010
0.591544 0.000010 0.234378 0.000010 0.174058
0.414698 0.000010 0.585272 0.000010 0.000010
0.904750 0.000010 0.000010 0.095220 0.000010
0.687920 0.018922 0.133678 0.159471 0.000010
0.449726 0.266238 0.246451 0.037575 0.000010
0.719092 0.182624 0.034303 0.007253 0.056730
0.660415 0.000010 0.261012 0.078553 0.000010
0.475237 0.020502 0.015905 0.488346 0.000010
0.461371 0.000010 0.000010 0.538599 0.000010
0.880674 0.000010 0.087830 0.000010 0.031476
0.772599 0.062032 0.147157 0.018202 0.000010
0.401136 0.000010 0.324855 0.273989 0.000010
0.330057 0.000010 0.074936 0.594986 0.000010
0.641136 0.000010 0.358834 0.000010 0.000010
0.756400 0.000010 0.227576 0.016003 0.000010
0.949666 0.000010 0.050304 0.000010 0.000010
0.352899 0.000010 0.297512 0.349569 0.000010
0.991947 0.000010 0.008023 0.000010 0.000010
0.079609 0.000010 0.699620 0.220752 0.000010
0.999960 0.000010 0.000010 0.000010 0.000010
0.422868 0.000010 0.129677 0.447435 0.000010
0.000010 0.163223 0.836745 0.000012 0.000010
0.655370 0.000010 0.344600 0.000010 0.000010
0.297925 0.090524 0.433534 0.178007 0.000010
0.000010 0.364561 0.635409 0.000010 0.000010
0.845648 0.032384 0.000010 0.121948 0.000010
0.898368 0.000010 0.022597 0.079014 0.000010
0.113795 0.096677 0.763273 0.026244 0.000010
0.035200 0.000010 0.697773 0.267006 0.000010
0.327848 0.012713 0.132507 0.526922 0.000010
0.495451 0.000010 0.107721 0.396808 0.000010
0.832775 0.000010 0.073444 0.000010 0.093761
0.000010 0.361346 0.638624 0.000010 0.000010
0.999960 0.000010 0.000010 0.000010 0.000010
0.000010 0.000010 0.000010 0.991995 0.007975
0.000010 0.000010 0.000010 0.999960 0.000010
0.581744 0.000010 0.418226 0.000010 0.000010
0.307722 0.000010 0.000010 0.692248 0.000010
0.740503 0.000010 0.136473 0.123004 0.000010
0.837786 0.000010 0.162184 0.000010 0.000010
0.784915 0.000010 0.130648 0.000010 0.084417
0.096825 0.000010 0.543645 0.359510 0.000010
0.267636 0.000010 0.580717 0.151627 0.000010
0.899020 0.000010 0.000010 0.100950 0.000010
0.330776 0.003738 0.397920 0.267555 0.000010
0.999960 0.000010 0.000010 0.000010 0.000010
0.593816 0.004767 0.126938 0.274469 0.000010
0.647188 0.000010 0.000010 0.352782 0.000010
0.479757 0.000010 0.000010 0.520213 0.000010
0.000010 0.000010 0.999960 0.000010 0.000010
0.000010 0.000010 0.000010 0.999960 0.000010
0.182629 0.000010 0.547793 0.265178 0.004390
0.000010 0.000010 0.513927 0.486043 0.000010
0.644302 0.035913 0.319765 0.000010 0.000010
0.000010 0.000010 0.833468 0.166502 0.000010
0.000010 0.000010 0.126724 0.873246 0.000010
0.999960 0.000010 0.000010 0.000010 0.000010
0.226970 0.000010 0.352294 0.413699 0.007026
0.167638 0.000010 0.228925 0.603417 0.000010
0.634553 0.000010 0.365417 0.000010 0.000010
0.153171 0.000010 0.394688 0.452121 0.000010
0.008189 0.000010 0.727148 0.264643 0.000010
0.184609 0.000010 0.815361 0.000010 0.000010
0.412322 0.000010 0.306163 0.281494 0.000010
0.000010 0.000010 0.999960 0.000010 0.000010
0.316958 0.000010 0.000010 0.683012 0.000010
0.494171 0.000010 0.189268 0.314148 0.002403
0.000010 0.000010 0.945505 0.054465 0.000010
0.102681 0.000010 0.000010 0.897289 0.000010
0.027356 0.036882 0.000010 0.935742 0.000010
0.814607 0.000010 0.185363 0.000010 0.000010
0.131977 0.000010 0.237565 0.630438 0.000010
0.791570 0.011374 0.000010 0.197035 0.000010
0.853227 0.000010 0.038059 0.108695 0.000010
0.856479 0.009009 0.000010 0.134492 0.000010
0.001022 0.196877 0.802081 0.000010 0.000010
0.420080 0.000010 0.390988 0.188912 0.000010
0.697319 0.269466 0.000010 0.033195 0.000010
0.000010 0.000010 0.000010 0.999960 0.000010
0.393810 0.033727 0.492490 0.000010 0.079964
0.016310 0.000010 0.348007 0.635662 0.000010
0.000010 0.000010 0.795701 0.204269 0.000010
0.000010 0.000010 0.107016 0.892954 0.000010
0.252373 0.108816 0.167803 0.470999 0.000010
0.000010 0.000010 0.000010 0.999960 0.000010
0.279371 0.010810 0.459832 0.249977 0.000010
0.274807 0.000010 0.725163 0.000010 0.000010
0.000010 0.000010 0.227499 0.772471 0.000010
0.000010 0.000010 0.230474 0.769496 0.000010
0.000010 0.114590 0.000010 0.885380 0.000010
0.036854 0.000010 0.012704 0.720536 0.229896
0.616004 0.000010 0.261980 0.121996 0.000010
0.999960 0.000010 0.000010 0.000010 0.000010
0.999960 0.000010 0.000010 0.000010 0.000010
0.000010 0.000010 0.999960 0.000010 0.000010
0.000010 0.000010 0.000010 0.999960 0.000010
0.210232 0.000010 0.789738 0.000010 0.000010
0.230769 0.000010 0.769201 0.000010 0.000010
0.000010 0.000010 0.867007 0.132963 0.000010
0.999960 0.000010 0.000010 0.000010 0.000010
0.000010 0.132913 0.867057 0.000010 0.000010
0.999960 0.000010 0.000010 0.000010 0.000010
0.216347 0.000010 0.000010 0.783623 0.000010
0.253056 0.000010 0.220554 0.526370 0.000010
0.651274 0.000010 0.132104 0.216601 0.000010
0.000010 0.133917 0.866053 0.000010 0.000010
0.000010 0.122505 0.877465 0.000010 0.000010
0.102085 0.000010 0.582161 0.315734 0.000010
0.373226 0.000010 0.626744 0.000010 0.000010
0.171802 0.000010 0.617349 0.210830 0.000010
0.842740 0.000010 0.157230 0.000010 0.000010
0.999960 0.000010 0.000010 0.000010 0.000010
0.480418 0.000010 0.166662 0.285976 0.066933
0.966395 0.000010 0.000010 0.033575 0.000010
0.852762 0.000010 0.000012 0.147206 0.000010
0.160581 0.000010 0.839389 0.000010 0.000010
0.112847 0.000010 0.380552 0.506582 0.000010
0.114163 0.000010 0.299413 0.586405 0.000010
0.343055 0.019614 0.000010 0.637311 0.000010
0.000010 0.000010 0.167187 0.832783 0.000010
0.628820 0.000010 0.000010 0.371150 0.000010
0.249275 0.128516 0.534777 0.087422 0.000010
0.000010 0.011488 0.513041 0.475451 0.000010
0.999960 0.000010 0.000010 0.000010 0.000010
0.558053 0.000010 0.030504 0.411423 0.000010
0.009328 0.000010 0.554405 0.436247 0.000010
0.000010 0.000010 0.685122 0.314848 0.000010
0.450480 0.000010 0.328382 0.221118 0.000010
0.000010 0.000010 0.999960 0.000010 0.000010
0.502299 0.000010 0.497671 0.000010 0.000010
0.679050 0.002880 0.318050 0.000010 0.000010
0.000010 0.000010 0.000010 0.999960 0.000010
0.852794 0.000010 0.147176 0.000010 0.000010
0.358640 0.000010 0.562665 0.078675 0.000010
0.192496 0.000010 0.152237 0.655247 0.000010
0.000010 0.000010 0.531611 0.468359 0.000010
0.048707 0.000010 0.599902 0.351371 0.000010
0.104483 0.010055 0.331534 0.553918 0.000010
0.217615 0.061071 0.721294 0.000010 0.000010
0.802607 0.022217 0.117934 0.057232 0.000010
0.090372 0.000010 0.897137 0.012472 0.000010
0.000010 0.000010 0.999960 0.000010 0.000010
0.778572 0.000010 0.004394 0.217014 0.000010
0.353645 0.000010 0.646325 0.000010 0.000010
0.999960 0.000010 0.000010 0.000010 0.000010
0.666817 0.017479 0.315684 0.000010 0.000010
0.000010 0.002830 0.693799 0.288693 0.014667
0.363393 0.117231 0.519357 0.000010 0.000010
0.000010 0.000010 0.760197 0.239773 0.000010
0.121057 0.000010 0.878913 0.000010 0.000010
0.999960 0.000010 0.000010 0.000010 0.000010
0.114586 0.000010 0.030458 0.854937 0.000010
0.673676 0.000010 0.000010 0.276115 0.050190
0.336197 0.000010 0.512904 0.150879 0.000010
0.000010 0.107093 0.892877 0.000010 0.000010
0.178586 0.000010 0.239231 0.582162 0.000010
0.000010 0.014635 0.244203 0.741142 0.000010
0.573567 0.000010 0.189396 0.237017 0.000010
0.000010 0.000010 0.639459 0.360511 0.000010
0.408535 0.024740 0.144871 0.421844 0.000010
0.768847 0.000010 0.231123 0.000010 0.000010
0.146933 0.023852 0.829195 0.000010 0.000010
0.235454 0.000010 0.288748 0.475778 0.000010
0.806961 0.000010 0.179910 0.013109 0.000010
0.032397 0.000010 0.967573 0.000010 0.000010
0.000010 0.000010 0.612269 0.387701 0.000010
0.720251 0.000010 0.000010 0.279719 0.000010
0.984399 0.015571 0.000010 0.000010 0.000010
0.000010 0.000010 0.999960 0.000010 0.000010
0.554069 0.000010 0.445901 0.000010 0.000010
0.677672 0.000010 0.322298 0.000010 0.000010
0.000010 0.000010 0.999960 0.000010 0.000010
0.481517 0.074756 0.256494 0.187223 0.000010
0.737337 0.000010 0.000010 0.262633 0.000010
0.630042 0.000010 0.162962 0.206976 0.000010
0.000010 0.000010 0.787042 0.212928 0.000010
0.000010 0.000010 0.000010 0.999960 0.000010
0.000010 0.000010 0.000010 0.999960 0.000010
0.000010 0.000010 0.758463 0.241507 0.000010
0.581975 0.000010 0.000010 0.417995 0.000010
0.262623 0.000010 0.572041 0.165316 0.000010
0.553751 0.000010 0.000010 0.446219 0.000010
0.187513 0.139417 0.000010 0.673051 0.000010
