0.543939 0.402958 0.053064 0.000010 0.000010 0.000010 0.000010
0.064191 0.595390 0.207550 0.000010 0.000010 0.132839 0.000010
0.080492 0.562786 0.229307 0.000010 0.000010 0.127384 0.000010
0.000010 0.999940 0.000010 0.000010 0.000010 0.000010 0.000010
0.000010 0.143789 0.000010 0.113332 0.088587 0.000010 0.654262
0.000010 0.628791 0.371159 0.000010 0.000010 0.000010 0.000010
0.345206 0.611211 0.000010 0.043544 0.000010 0.000010 0.000010
0.188426 0.811524 0.000010 0.000010 0.000010 0.000010 0.000010
0.000010 0.428107 0.052980 0.000010 0.121918 0.000010 0.396964
0.775605 0.000010 0.000010 0.000010 0.000010 0.038763 0.185592
0.292944 0.000010 0.619574 0.000010 0.080476 0.006976 0.000010
0.000010 0.999940 0.000010 0.000010 0.000010 0.000010 0.000010
0.000010 0.975849 0.024101 0.000010 0.000010 0.000010 0.000010
0.000010 0.999940 0.000010 0.000010 0.000010 0.000010 0.000010
0.160624 0.307004 0.302045 0.000010 0.176026 0.054281 0.000010
0.000010 0.416783 0.264993 0.318185 0.000010 0.000010 0.000010
0.760204 0.000010 0.165763 0.000010 0.018655 0.055347 0.000010
0.000010 0.469069 0.130087 0.000010 0.129950 0.000010 0.270864
0.189284 0.391154 0.303689 0.084425 0.000010 0.031428 0.000010
0.000010 0.649292 0.000010 0.000010 0.000010 0.000010 0.350658
0.000010 0.408212 0.505512 0.000010 0.035483 0.050763 0.000010
0.000010 0.999940 0.000010 0.000010 0.000010 0.000010 0.000010
0.156146 0.195012 0.575330 0.073483 0.000010 0.000010 0.000010
0.000010 0.000010 0.640862 0.000010 0.000010 0.104155 0.254943
0.000010 0.796876 0.203074 0.000010 0.000010 0.000010 0.000010
0.000010 0.980281 0.000010 0.019669 0.000010 0.000010 0.000010
0.000010 0.961793 0.000010 0.000010 0.038157 0.000010 0.000010
0.000010 0.336654 0.461378 0.201928 0.000010 0.000010 0.000010
0.000010 0.806525 0.065904 0.000010 0.112877 0.000010 0.014665
0.034683 0.965267 0.000010 0.000010 0.000010 0.000010 0.000010
0.026872 0.938328 0.034760 0.000010 0.000010 0.000010 0.000010
0.000010 0.999940 0.000010 0.000010 0.000010 0.000010 0.000010
0.198712 0.131672 0.556566 0.113020 0.000010 0.000010 0.000010
0.000010 0.283559 0.553087 0.000010 0.000010 0.163314 0.000010
0.058648 0.941302 0.000010 0.000010 0.000010 0.000010 0.000010
0.000010 0.999940 0.000010 0.000010 0.000010 0.000010 0.000010
0.047701 0.265997 0.254796 0.154127 0.180315 0.046144 0.050919
0.081207 0.918743 0.000010 0.000010 0.000010 0.000010 0.000010
0.000010 0.999940 0.000010 0.000010 0.000010 0.000010 0.000010
0.000010 0.987472 0.000010 0.000010 0.012478 0.000010 0.000010
0.016419 0.000010 0.000010 0.270184 0.000010 0.000010 0.713357
0.000010 0.932388 0.000010 0.067562 0.000010 0.000010 0.000010
0.000010 0.832030 0.089937 0.000010 0.000010 0.077993 0.000010
0.000010 0.999940 0.000010 0.000010 0.000010 0.000010 0.000010
0.118347 0.409631 0.372007 0.000010 0.000010 0.099985 0.000010
0.000010 0.999940 0.000010 0.000010 0.000010 0.000010 0.000010
0.000010 0.126899 0.233921 0.639141 0.000010 0.000010 0.000010
0.000010 0.825660 0.174290 0.000010 0.000010 0.000010 0.000010
0.684398 0.000010 0.315552 0.000010 0.000010 0.000010 0.000010
0.090123 0.909827 0.000010 0.000010 0.000010 0.000010 0.000010
0.000010 0.023134 0.597854 0.235574 0.000010 0.143408 0.000010
0.828539 0.009388 0.000010 0.162034 0.000010 0.000010 0.000010
0.000010 0.611102 0.000010 0.000010 0.000010 0.000010 0.388848
0.000010 0.999940 0.000010 0.000010 0.000010 0.000010 0.000010
0.000010 0.999940 0.000010 0.000010 0.000010 0.000010 0.000010
0.422589 0.558033 0.000010 0.000010 0.019338 0.000010 0.000010
0.000010 0.000010 0.920248 0.000010 0.024475 0.000010 0.055238
0.000010 0.000010 0.685047 0.314903 0.000010 0.000010 0.000010
0.136537 0.863413 0.000010 0.000010 0.000010 0.000010 0.000010
0.264952 0.144705 0.174364 0.415950 0.000010 0.000010 0.000010
0.048285 0.059981 0.609378 0.000010 0.129820 0.000010 0.152515
0.656089 0.237278 0.000010 0.106594 0.000010 0.000010 0.000010
0.064956 0.878255 0.000010 0.000010 0.008750 0.048008 0.000010
0.000010 0.867810 0.000010 0.000010 0.000010 0.000010 0.132140
0.000010 0.109886 0.080730 0.000010 0.016828 0.000010 0.792526
0.000010 0.118985 0.405721 0.037460 0.000010 0.348688 0.089125
0.991515 0.000010 0.008435 0.000010 0.000010 0.000010 0.000010
0.468014 0.000010 0.327291 0.118127 0.000010 0.086538 0.000010
0.000010 0.000010 0.000010 0.000010 0.000010 0.000010 0.999940
0.000010 0.000010 0.021091 0.000010 0.014551 0.000010 0.964318
0.340706 0.125893 0.037000 0.277483 0.038100 0.180808 0.000010
0.043085 0.472619 0.416249 0.033774 0.000010 0.034253 0.000010
0.528879 0.183953 0.171573 0.050826 0.000010 0.000010 0.064749
0.000010 0.871235 0.000010 0.128715 0.000010 0.000010 0.000010
0.528954 0.470996 0.000010 0.000010 0.000010 0.000010 0.000010
0.000010 0.000010 0.000010 0.039347 0.094846 0.008837 0.856940
0.000010 0.980498 0.000010 0.000010 0.019452 0.000010 0.000010
0.163843 0.208092 0.264341 0.000010 0.208510 0.000010 0.155194
0.164664 0.000010 0.555246 0.011279 0.000010 0.000010 0.268780
0.561369 0.077288 0.049112 0.000010 0.000010 0.103262 0.208949
0.000010 0.000010 0.000010 0.154576 0.000010 0.000010 0.845374
0.000010 0.637230 0.176672 0.000010 0.000010 0.151969 0.034099
0.000010 0.288983 0.359005 0.000010 0.351972 0.000010 0.000010
0.000010 0.000010 0.185951 0.000010 0.053126 0.000010 0.760883
0.189162 0.079780 0.619321 0.000010 0.000010 0.111707 0.000010
0.000010 0.539600 0.296438 0.000010 0.000010 0.000010 0.163921
0.000010 0.000010 0.443448 0.000010 0.018706 0.000010 0.537805
0.018543 0.184104 0.210371 0.000010 0.000010 0.327813 0.259149
0.000010 0.000010 0.499718 0.000010 0.000010 0.000010 0.500232
0.000010 0.842193 0.069395 0.000010 0.088372 0.000010 0.000010
0.000010 0.000010 0.000010 0.000010 0.000010 0.000010 0.999940
0.000010 0.000010 0.379749 0.139718 0.026519 0.000010 0.453984
0.000010 0.261153 0.663762 0.000010 0.000010 0.075045 0.000010
0.864381 0.032710 0.038497 0.064382 0.000010 0.000010 0.000010
0.000010 0.354532 0.454938 0.000010 0.029027 0.000010 0.161473
0.000010 0.000010 0.999940 0.000010 0.000010 0.000010 0.000010
0.121310 0.328577 0.411063 0.090482 0.048548 0.000010 0.000010
0.949449 0.000010 0.000010 0.050501 0.000010 0.000010 0.000010
0.000010 0.280595 0.562463 0.000010 0.000010 0.000010 0.156902
0.000010 0.890284 0.109666 0.000010 0.000010 0.000010 0.000010
0.152883 0.000010 0.083169 0.000010 0.084962 0.032750 0.646214
0.081534 0.049281 0.000010 0.038824 0.173289 0.000010 0.657052
0.129208 0.870742 0.000010 0.000010 0.000010 0.000010 0.000010
0.000010 0.000010 0.000010 0.192349 0.000010 0.000010 0.807601
0.000010 0.000010 0.733561 0.266389 0.000010 0.000010 0.000010
0.000010 0.351991 0.438803 0.162568 0.046609 0.000010 0.000010
0.000010 0.571814 0.290636 0.000010 0.000010 0.137510 0.000010
0.387575 0.164441 0.447944 0.000010 0.000010 0.000010 0.000010
0.000010 0.300538 0.210191 0.234925 0.000010 0.000010 0.254316
0.000010 0.914147 0.085803 0.000010 0.000010 0.000010 0.000010
0.683381 0.000010 0.190803 0.000010 0.000010 0.125776 0.000010
0.000010 0.419291 0.356486 0.000010 0.181222 0.000010 0.042971
0.000010 0.364141 0.612293 0.000010 0.000010 0.023526 0.000010
0.340049 0.183524 0.476387 0.000010 0.000010 0.000010 0.000010
0.000010 0.000010 0.062156 0.000010 0.000010 0.133072 0.804733
0.999940 0.000010 0.000010 0.000010 0.000010 0.000010 0.000010
0.774518 0.113004 0.112438 0.000010 0.000010 0.000010 0.000010
0.827022 0.000010 0.172928 0.000010 0.000010 0.000010 0.000010
0.701250 0.000010 0.000010 0.281100 0.017610 0.000010 0.000010
0.000010 0.637102 0.223996 0.089341 0.000010 0.000010 0.049531
0.059101 0.210857 0.725979 0.004032 0.000010 0.000010 0.000010
0.000010 0.461180 0.408061 0.130719 0.000010 0.000010 0.000010
0.516692 0.002258 0.104016 0.000010 0.000010 0.000010 0.377005
0.481649 0.000010 0.000010 0.000010 0.037934 0.047022 0.433365
0.526951 0.219062 0.000010 0.078038 0.175919 0.000010 0.000010
0.179056 0.000010 0.000010 0.000010 0.000010 0.000010 0.820894
0.519896 0.000010 0.383560 0.000010 0.076268 0.020247 0.000010
0.000010 0.451357 0.488769 0.000010 0.000010 0.000010 0.059833
0.048711 0.202515 0.728358 0.000010 0.000010 0.020386 0.000010
0.000010 0.307002 0.683680 0.000010 0.009278 0.000010 0.000010
0.000010 0.509204 0.343942 0.000010 0.052112 0.033783 0.060938
0.000010 0.459816 0.223082 0.000010 0.039084 0.000010 0.277988
0.000010 0.000010 0.777918 0.222032 0.000010 0.000010 0.000010
0.000010 0.415645 0.257419 0.000010 0.154717 0.000010 0.172189
0.250425 0.000010 0.630445 0.119090 0.000010 0.000010 0.000010
0.088451 0.361886 0.145805 0.000010 0.127508 0.000010 0.276330
0.999940 0.000010 0.000010 0.000010 0.000010 0.000010 0.000010
0.797980 0.000010 0.077593 0.000010 0.000010 0.124387 0.000010
0.000010 0.000010 0.844986 0.154964 0.000010 0.000010 0.000010
0.084534 0.248103 0.461625 0.110862 0.000010 0.000010 0.094856
0.000010 0.999940 0.000010 0.000010 0.000010 0.000010 0.000010
0.000010 0.700901 0.000010 0.000010 0.000010 0.000010 0.299049
0.000010 0.114776 0.000010 0.000010 0.105282 0.000010 0.779901
0.358298 0.165455 0.124904 0.351313 0.000010 0.000010 0.000010
0.000010 0.057044 0.136775 0.000010 0.052591 0.000010 0.753560
0.153805 0.000010 0.000010 0.358497 0.000010 0.000010 0.487658
0.529201 0.000010 0.128610 0.136442 0.000010 0.205717 0.000010
0.661932 0.000010 0.000010 0.244973 0.093055 0.000010 0.000010
0.000010 0.626296 0.282859 0.090805 0.000010 0.000010 0.000010
0.000010 0.999940 0.000010 0.000010 0.000010 0.000010 0.000010
0.147994 0.851956 0.000010 0.000010 0.000010 0.000010 0.000010
0.190338 0.136014 0.587667 0.000010 0.000010 0.085951 0.000010
0.000010 0.999940 0.000010 0.000010 0.000010 0.000010 0.000010
0.000010 0.963756 0.000010 0.000010 0.000010 0.000010 0.036194
0.000010 0.810900 0.000010 0.000010 0.000010 0.000010 0.189050
0.000010 0.999940 0.000010 0.000010 0.000010 0.000010 0.000010
0.067029 0.000010 0.728880 0.000010 0.000010 0.000010 0.204051
0.000010 0.257533 0.000010 0.000010 0.000010 0.000010 0.742417
0.000010 0.262805 0.000010 0.177782 0.037923 0.000010 0.521461
0.000010 0.159551 0.665273 0.175136 0.000010 0.000010 0.000010
0.000010 0.999940 0.000010 0.000010 0.000010 0.000010 0.000010
0.000010 0.217445 0.263707 0.132820 0.026362 0.000010 0.359645
0.017770 0.158394 0.482070 0.223120 0.118627 0.000010 0.000010
0.000010 0.999940 0.000010 0.000010 0.000010 0.000010 0.000010
0.000010 0.000010 0.360205 0.144671 0.000010 0.000010 0.495085
0.192762 0.259591 0.547607 0.000010 0.000010 0.000010 0.000010
0.188779 0.198620 0.000010 0.612562 0.000010 0.000010 0.000010
0.000010 0.757125 0.222972 0.000010 0.000010 0.000010 0.019863
0.000010 0.920939 0.000010 0.079011 0.000010 0.000010 0.000010
0.000010 0.000010 0.056116 0.227959 0.027451 0.000010 0.688444
0.000010 0.679489 0.266283 0.000010 0.000010 0.054188 0.000010
0.000010 0.236430 0.646182 0.117348 0.000010 0.000010 0.000010
0.712246 0.054562 0.233152 0.000010 0.000010 0.000010 0.000010
0.242781 0.757169 0.000010 0.000010 0.000010 0.000010 0.000010
0.000010 0.000010 0.172873 0.174053 0.000010 0.000010 0.653034
0.000010 0.211661 0.410875 0.053617 0.000010 0.000010 0.323818
0.000010 0.000010 0.580976 0.000010 0.061420 0.000010 0.357564
0.490740 0.182720 0.265684 0.044997 0.000010 0.015840 0.000010
0.000010 0.000010 0.483174 0.258222 0.008700 0.000010 0.249875
0.000010 0.087097 0.565952 0.245656 0.056681 0.000010 0.044594
0.000010 0.883342 0.116608 0.000010 0.000010 0.000010 0.000010
0.000010 0.999940 0.000010 0.000010 0.000010 0.000010 0.000010
0.999940 0.000010 0.000010 0.000010 0.000010 0.000010 0.000010
0.000010 0.000010 0.000010 0.116849 0.000010 0.000010 0.883101
0.064831 0.000010 0.719454 0.000010 0.000010 0.000010 0.215675
0.341750 0.000010 0.118615 0.472859 0.000010 0.000010 0.066745
0.000010 0.275256 0.724694 0.000010 0.000010 0.000010 0.000010
0.000010 0.936570 0.000010 0.000010 0.000010 0.000279 0.063110
0.000010 0.326061 0.636234 0.021583 0.016091 0.000010 0.000010
0.000010 0.000010 0.000010 0.000010 0.000010 0.000010 0.999940
0.039676 0.471051 0.489233 0.000010 0.000010 0.000010 0.000010
0.000010 0.317542 0.682408 0.000010 0.000010 0.000010 0.000010
0.000010 0.235726 0.000010 0.000010 0.015120 0.000010 0.749114
0.994948 0.005002 0.000010 0.000010 0.000010 0.000010 0.000010
0.099940 0.062535 0.630425 0.176191 0.000010 0.000010 0.030890
0.115257 0.280253 0.604450 0.000010 0.000010 0.000010 0.000010
0.000010 0.789407 0.210543 0.000010 0.000010 0.000010 0.000010
0.000010 0.263396 0.159093 0.000010 0.000010 0.000010 0.577472
0.000010 0.894168 0.105782 0.000010 0.000010 0.000010 0.000010
0.000010 0.000010 0.000010 0.170630 0.000010 0.000010 0.829320
0.024598 0.711884 0.000010 0.000010 0.259210 0.000010 0.004278
0.047991 0.240158 0.000010 0.000010 0.186570 0.000010 0.525251
0.000010 0.902759 0.097191 0.000010 0.000010 0.000010 0.000010
0.000010 0.724817 0.000010 0.000010 0.275133 0.000010 0.000010
0.000010 0.077355 0.578548 0.344057 0.000010 0.000010 0.000010
0.000010 0.000010 0.000010 0.152974 0.000010 0.000010 0.846976
0.655676 0.037975 0.243385 0.000010 0.052322 0.000010 0.010623
0.000010 0.000010 0.000010 0.000010 0.000010 0.000010 0.999940
0.000010 0.232889 0.529497 0.237569 0.000015 0.000010 0.000010
0.209207 0.121633 0.000010 0.000010 0.000010 0.000010 0.669120
0.074789 0.018168 0.684269 0.000010 0.000010 0.000010 0.222743
0.740795 0.101333 0.000010 0.157833 0.000010 0.000010 0.000010
0.000010 0.000010 0.895303 0.104647 0.000010 0.000010 0.000010
0.000010 0.999940 0.000010 0.000010 0.000010 0.000010 0.000010
0.000010 0.192858 0.433879 0.000010 0.038840 0.000010 0.334392
0.000010 0.000010 0.093078 0.151414 0.040247 0.000010 0.715230
0.000010 0.000010 0.000010 0.000010 0.127459 0.000010 0.872491
0.000010 0.650748 0.000010 0.000010 0.000010 0.000010 0.349202
0.000010 0.813431 0.173810 0.000010 0.012719 0.000010 0.000010
0.000010 0.376911 0.139657 0.000010 0.179688 0.000010 0.303714
0.000010 0.000010 0.699949 0.000010 0.000010 0.136093 0.163917
0.910947 0.000010 0.000010 0.000010 0.089003 0.000010 0.000010
0.000010 0.000010 0.000010 0.000010 0.000010 0.000010 0.999940
0.714784 0.000010 0.285166 0.000010 0.000010 0.000010 0.000010
0.000010 0.241932 0.518342 0.059325 0.000010 0.000010 0.180371
0.000010 0.000010 0.000010 0.000010 0.000010 0.000010 0.999940
0.000010 0.032360 0.884556 0.000010 0.027087 0.055968 0.000010
0.000010 0.574143 0.420859 0.004958 0.000010 0.000010 0.000010
0.000010 0.350324 0.000010 0.032186 0.000010 0.000010 0.617450
0.107604 0.000010 0.258650 0.166546 0.000010 0.000010 0.467170
0.111408 0.000010 0.000010 0.000010 0.000010 0.000010 0.888542
0.279491 0.720459 0.000010 0.000010 0.000010 0.000010 0.000010
0.000010 0.000010 0.000010 0.000010 0.000010 0.000010 0.999940
0.000010 0.971123 0.000010 0.000010 0.000010 0.028827 0.000010
0.000010 0.044601 0.876647 0.000010 0.029369 0.049354 0.000010
0.000010 0.397844 0.191335 0.000010 0.161202 0.000010 0.249588
0.000010 0.134617 0.406409 0.057467 0.066941 0.000010 0.334546
0.067961 0.000010 0.358187 0.115180 0.011211 0.000010 0.447442
0.000010 0.000010 0.999940 0.000010 0.000010 0.000010 0.000010
0.000010 0.000010 0.000010 0.152978 0.000010 0.000010 0.846972
0.000010 0.002506 0.000010 0.185966 0.231938 0.000010 0.579560
0.000010 0.081876 0.076189 0.000010 0.000010 0.000010 0.841896
0.000010 0.722042 0.033160 0.000010 0.000010 0.000010 0.244757
0.045486 0.215765 0.619393 0.008641 0.110694 0.000010 0.000010
0.000010 0.335330 0.342073 0.000010 0.236761 0.000010 0.085806
0.000010 0.658547 0.000010 0.000010 0.000010 0.000010 0.341403
0.000010 0.000010 0.454814 0.132066 0.204877 0.000010 0.208212
0.000010 0.951325 0.000010 0.000010 0.048625 0.000010 0.000010
0.729463 0.000010 0.162984 0.000010 0.000010 0.059625 0.047898
0.000010 0.039571 0.153325 0.000010 0.305415 0.000010 0.501658
0.000010 0.000010 0.000010 0.000010 0.000010 0.000010 0.999940
0.000010 0.973942 0.000010 0.000010 0.026008 0.000010 0.000010
0.000010 0.593275 0.000010 0.000010 0.153704 0.000010 0.252980
0.000010 0.261680 0.000010 0.000010 0.013983 0.000010 0.724297
0.000010 0.163582 0.000010 0.000010 0.241821 0.000010 0.594558
0.354513 0.000010 0.000010 0.000010 0.156725 0.000010 0.488722
0.000010 0.003061 0.000010 0.000010 0.000010 0.000010 0.996889
0.104287 0.035173 0.636715 0.153197 0.000010 0.000010 0.070608
0.000010 0.272419 0.666478 0.000010 0.000010 0.000010 0.061063
0.178749 0.749417 0.058570 0.000010 0.013234 0.000010 0.000010
0.000010 0.000010 0.000010 0.000010 0.000010 0.000010 0.999940
0.000010 0.223894 0.000010 0.000010 0.000010 0.000010 0.776056
0.000010 0.551149 0.240997 0.000010 0.120865 0.000010 0.086959
0.354756 0.148464 0.446687 0.000010 0.000010 0.000010 0.050063
0.000010 0.000010 0.315558 0.000010 0.000010 0.005659 0.678743
0.000010 0.000010 0.000010 0.000010 0.000010 0.000010 0.999940
0.000010 0.069451 0.622073 0.275801 0.000010 0.000010 0.032645
0.000010 0.000010 0.097387 0.000010 0.000010 0.103677 0.798896
0.272487 0.312920 0.414553 0.000010 0.000010 0.000010 0.000010
0.000010 0.056035 0.349714 0.000010 0.104314 0.000010 0.489907
0.000010 0.153019 0.000010 0.121118 0.274835 0.000010 0.450998
0.000010 0.222983 0.509660 0.135185 0.127529 0.000010 0.004623
0.000010 0.848691 0.151259 0.000010 0.000010 0.000010 0.000010
0.000010 0.013611 0.368268 0.618080 0.000010 0.000010 0.000010
0.000010 0.050455 0.000010 0.163025 0.239866 0.000010 0.546624
0.000010 0.191277 0.464015 0.128886 0.000010 0.000010 0.215791
0.000010 0.000010 0.000010 0.000010 0.000010 0.000010 0.999940
0.000010 0.100605 0.390155 0.024012 0.000010 0.000010 0.485198
0.000010 0.710195 0.289755 0.000010 0.000010 0.000010 0.000010
0.000010 0.038151 0.509483 0.074211 0.180001 0.000010 0.198135
0.364743 0.039546 0.473645 0.122035 0.000010 0.000010 0.000010
0.007058 0.000010 0.770289 0.000010 0.000010 0.115391 0.107231
0.068571 0.000010 0.713514 0.000010 0.000010 0.000010 0.217875
0.000010 0.815726 0.000010 0.000010 0.023365 0.000010 0.160869
0.021575 0.538128 0.246990 0.000010 0.162901 0.005059 0.025338
0.181179 0.273859 0.031428 0.043613 0.042959 0.426952 0.000010
0.000010 0.302441 0.065061 0.000010 0.082709 0.549759 0.000010
0.000010 0.181081 0.000010 0.000010 0.000010 0.142424 0.676455
0.000010 0.194381 0.000010 0.000010 0.000010 0.155481 0.650097
0.000010 0.066206 0.000010 0.062722 0.021727 0.148883 0.700443
0.000010 0.802292 0.000010 0.180213 0.017455 0.000010 0.000010
0.000010 0.160810 0.000010 0.098180 0.000010 0.464114 0.276866
0.372435 0.026787 0.000010 0.266889 0.188568 0.145301 0.000010
0.000010 0.341859 0.113467 0.042788 0.023153 0.478714 0.000010
0.197957 0.327361 0.000010 0.140786 0.097629 0.236248 0.000010
0.000010 0.907601 0.000010 0.000010 0.000010 0.092349 0.000010
0.000010 0.244677 0.131436 0.439723 0.009476 0.000010 0.174669
0.287783 0.105918 0.000010 0.145383 0.247678 0.213217 0.000010
0.286990 0.104658 0.000010 0.146560 0.247430 0.214342 0.000010
0.000976 0.000010 0.000010 0.054892 0.118469 0.207625 0.618018
0.000010 0.151333 0.000010 0.000010 0.000010 0.848617 0.000010
0.135929 0.067817 0.000010 0.445883 0.000010 0.350341 0.000010
0.000010 0.089611 0.000010 0.744701 0.025088 0.000010 0.140570
0.000010 0.000010 0.445199 0.000010 0.000010 0.554751 0.000010
0.247632 0.296957 0.000010 0.380093 0.075288 0.000010 0.000010
0.000010 0.000010 0.013918 0.342697 0.000010 0.643345 0.000010
0.000010 0.000010 0.000010 0.019792 0.000010 0.343254 0.636914
0.089602 0.791271 0.092336 0.000010 0.000010 0.026761 0.000010
0.280131 0.108347 0.000010 0.149117 0.244113 0.218272 0.000010
0.000010 0.798391 0.000010 0.000010 0.000010 0.000010 0.201559
0.000010 0.000010 0.745462 0.214946 0.035320 0.004242 0.000010
0.000010 0.000010 0.747538 0.216440 0.035981 0.000010 0.000010
0.132302 0.037210 0.456385 0.276044 0.098039 0.000010 0.000010
0.000010 0.252065 0.040220 0.351939 0.038917 0.289930 0.026919
0.000010 0.407200 0.000010 0.000010 0.000010 0.000010 0.592750
0.274648 0.125001 0.000010 0.148317 0.243895 0.208119 0.000010
0.000010 0.176552 0.229924 0.281089 0.211928 0.100486 0.000010
0.000010 0.225034 0.110806 0.494406 0.000010 0.169723 0.000010
0.160555 0.000010 0.011495 0.129022 0.000010 0.167618 0.531290
0.000010 0.141904 0.000010 0.000010 0.000010 0.858046 0.000010
0.093749 0.000010 0.000010 0.320127 0.000010 0.586084 0.000010
0.000010 0.086159 0.000010 0.777130 0.000010 0.000010 0.136671
0.000010 0.000010 0.000010 0.046555 0.000010 0.148806 0.804599
0.000010 0.094557 0.327031 0.370182 0.000010 0.143808 0.064403
0.000010 0.000010 0.000010 0.372441 0.000010 0.306270 0.321249
0.371220 0.035297 0.000010 0.261006 0.188788 0.143668 0.000010
0.000010 0.643891 0.000010 0.235835 0.000010 0.000010 0.120234
0.000010 0.134844 0.000010 0.146455 0.038310 0.680360 0.000010
0.000010 0.546143 0.299950 0.000010 0.004992 0.148885 0.000010
0.000010 0.636163 0.232696 0.093731 0.000010 0.037379 0.000010
0.000010 0.188626 0.000010 0.288505 0.034631 0.488208 0.000010
0.000010 0.699140 0.000010 0.000010 0.021424 0.209656 0.069750
0.000010 0.858007 0.000010 0.000010 0.000010 0.141943 0.000010
0.000010 0.161329 0.000010 0.097293 0.000010 0.462773 0.278576
0.448953 0.000010 0.042537 0.508470 0.000011 0.000010 0.000010
0.000010 0.860802 0.000010 0.000010 0.000010 0.139148 0.000010
0.000010 0.000010 0.000010 0.000010 0.000010 0.529286 0.470664
0.305690 0.088993 0.000010 0.000010 0.000010 0.605277 0.000010
0.000010 0.928111 0.000010 0.000010 0.000010 0.071839 0.000010
0.263963 0.303562 0.000010 0.252701 0.179745 0.000010 0.000010
0.002822 0.000010 0.416575 0.538083 0.042489 0.000010 0.000010
0.000010 0.865796 0.000010 0.000010 0.000010 0.000010 0.134154
0.000010 0.106276 0.018941 0.000010 0.000010 0.596618 0.278135
0.000010 0.147115 0.000010 0.000010 0.000010 0.852835 0.000010
0.000010 0.728742 0.023225 0.036150 0.000010 0.211854 0.000010
0.000010 0.701411 0.000010 0.039840 0.000010 0.258709 0.000010
0.000010 0.174370 0.000010 0.000010 0.142407 0.683184 0.000010
0.127266 0.056383 0.000010 0.468463 0.000010 0.347859 0.000010
0.000010 0.218307 0.000010 0.781643 0.000010 0.000010 0.000010
0.000010 0.217871 0.000010 0.782079 0.000010 0.000010 0.000010
0.000010 0.000010 0.000010 0.000010 0.000010 0.000010 0.999940
0.000808 0.392095 0.000010 0.157665 0.000010 0.449402 0.000010
0.000010 0.164354 0.000010 0.000010 0.103327 0.677670 0.054618
0.000010 0.167491 0.000010 0.000010 0.106533 0.671129 0.054817
0.000010 0.871482 0.000010 0.000010 0.028355 0.100123 0.000010
0.000010 0.000010 0.218820 0.462319 0.000010 0.318821 0.000010
0.055942 0.000010 0.106323 0.498325 0.000010 0.339379 0.000010
0.000010 0.196518 0.000010 0.037867 0.050730 0.714855 0.000010
0.365886 0.000010 0.000010 0.000010 0.000010 0.634064 0.000010
0.000010 0.086906 0.000010 0.305413 0.013372 0.000010 0.594279
0.000010 0.286509 0.000010 0.000010 0.000010 0.713441 0.000010
0.366850 0.000010 0.000010 0.000010 0.000010 0.633100 0.000010
0.053492 0.087649 0.077496 0.363166 0.058169 0.360017 0.000010
0.050125 0.596553 0.000010 0.000010 0.219834 0.133457 0.000010
0.012245 0.148291 0.180971 0.390278 0.012379 0.255826 0.000010
0.028751 0.290663 0.265328 0.056660 0.014258 0.344329 0.000010
0.000010 0.977901 0.000010 0.000010 0.000010 0.022049 0.000010
0.000010 0.999940 0.000010 0.000010 0.000010 0.000010 0.000010
0.000010 0.000010 0.000010 0.000010 0.000010 0.999940 0.000010
0.000010 0.000010 0.000010 0.000010 0.000010 0.999940 0.000010
0.000010 0.428229 0.000010 0.256478 0.000010 0.000010 0.315253
0.000010 0.257201 0.000010 0.000010 0.011712 0.731047 0.000010
0.063706 0.000010 0.000010 0.000010 0.000010 0.594039 0.342214
0.000010 0.500407 0.000010 0.000010 0.000010 0.499543 0.000010
0.000010 0.708915 0.000010 0.000010 0.000010 0.291035 0.000010
0.000010 0.197185 0.000010 0.802765 0.000010 0.000010 0.000010
0.000010 0.000010 0.000010 0.658380 0.000010 0.000010 0.341570
0.000010 0.128156 0.000010 0.000010 0.000010 0.583308 0.288495
0.000010 0.116639 0.258141 0.201355 0.033105 0.347750 0.043000
0.168788 0.000010 0.000010 0.146465 0.000010 0.401255 0.283462
0.000010 0.130906 0.000010 0.869044 0.000010 0.000010 0.000010
0.110904 0.350918 0.000010 0.494290 0.043858 0.000010 0.000010
0.000010 0.000010 0.183112 0.153730 0.000010 0.663117 0.000010
0.000010 0.000010 0.000010 0.999940 0.000010 0.000010 0.000010
0.000010 0.811524 0.000010 0.134312 0.000010 0.054123 0.000010
0.000010 0.000010 0.000010 0.999940 0.000010 0.000010 0.000010
0.000010 0.099811 0.528878 0.246804 0.000010 0.124478 0.000010
0.000010 0.153329 0.009151 0.000010 0.032410 0.805079 0.000010
0.000010 0.089084 0.000010 0.566695 0.000010 0.344181 0.000010
0.000010 0.569473 0.000010 0.000010 0.200507 0.229980 0.000010
0.000010 0.000010 0.092591 0.119313 0.000010 0.788056 0.000010
0.000010 0.769433 0.000010 0.072447 0.000010 0.117969 0.040121
0.000010 0.199339 0.540135 0.260486 0.000010 0.000010 0.000010
0.000010 0.696654 0.000010 0.000010 0.036466 0.266840 0.000010
0.000010 0.298327 0.000010 0.491205 0.088433 0.122006 0.000010
0.315719 0.095023 0.000010 0.000010 0.000010 0.589217 0.000010
0.000010 0.080211 0.000010 0.919739 0.000010 0.000010 0.000010
0.000010 0.000010 0.000010 0.397449 0.000010 0.000010 0.602501
0.000010 0.433529 0.000010 0.000010 0.000010 0.566421 0.000010
0.000010 0.291347 0.062679 0.000010 0.031653 0.561569 0.052732
0.000010 0.374923 0.000010 0.625027 0.000010 0.000010 0.000010
0.000010 0.276790 0.000010 0.000010 0.000010 0.723160 0.000010
0.000010 0.000010 0.000010 0.644568 0.000010 0.000010 0.355382
0.000010 0.000010 0.000010 0.039175 0.000010 0.000010 0.960775
0.000010 0.000010 0.000010 0.999940 0.000010 0.000010 0.000010
0.000010 0.000010 0.000010 0.999940 0.000010 0.000010 0.000010
0.059953 0.000010 0.000010 0.000010 0.000010 0.545040 0.394966
0.000010 0.774244 0.000010 0.128138 0.000010 0.097577 0.000010
0.035219 0.314752 0.000010 0.140250 0.000010 0.509749 0.000010
0.000010 0.000010 0.000010 0.000010 0.011743 0.000010 0.988207
0.000010 0.000010 0.000010 0.000010 0.000010 0.000010 0.999940
0.000010 0.000010 0.000010 0.000010 0.000010 0.496671 0.503279
0.000010 0.000010 0.000010 0.000010 0.000010 0.481421 0.518529
0.089157 0.469813 0.000010 0.097496 0.000010 0.343504 0.000010
0.045515 0.111195 0.000010 0.000010 0.000010 0.357532 0.485728
0.099693 0.176206 0.000010 0.724060 0.000010 0.000010 0.000010
0.421595 0.174405 0.000010 0.023896 0.000010 0.380074 0.000010
0.000010 0.243887 0.000010 0.000010 0.000010 0.730478 0.025595
0.000010 0.000010 0.000010 0.999940 0.000010 0.000010 0.000010
0.000010 0.436596 0.000010 0.149273 0.000010 0.124645 0.289456
0.407623 0.104967 0.000010 0.000010 0.023209 0.464171 0.000010
0.000010 0.810377 0.000010 0.012298 0.000010 0.177284 0.000010
0.496006 0.322950 0.000010 0.181003 0.000010 0.000010 0.000010
0.000010 0.000010 0.000010 0.000010 0.042319 0.200912 0.756729
0.000010 0.937164 0.000010 0.000010 0.009532 0.053265 0.000010
0.000010 0.911054 0.000010 0.088896 0.000010 0.000010 0.000010
0.000010 0.000010 0.000010 0.476676 0.000010 0.000010 0.523274
0.000010 0.169027 0.000010 0.288281 0.016104 0.032045 0.494523
0.000010 0.399988 0.000010 0.151477 0.227211 0.140833 0.080472
0.000010 0.658915 0.000010 0.000010 0.000010 0.341035 0.000010
0.000010 0.067965 0.360079 0.571916 0.000010 0.000010 0.000010
0.000010 0.000010 0.000010 0.000010 0.012691 0.000010 0.987259
0.297483 0.000010 0.000010 0.053780 0.000010 0.426505 0.222202
0.393361 0.064601 0.000010 0.000010 0.000010 0.541998 0.000010
0.425131 0.177278 0.000010 0.114631 0.000010 0.282930 0.000010
0.084804 0.000010 0.000010 0.000010 0.000010 0.513223 0.401932
0.000010 0.579559 0.000010 0.063024 0.059970 0.297417 0.000010
0.000010 0.000010 0.000010 0.999940 0.000010 0.000010 0.000010
0.000010 0.000010 0.000010 0.072731 0.000010 0.364805 0.562424
0.000010 0.132889 0.000010 0.000010 0.000010 0.472591 0.394481
0.000010 0.000010 0.000010 0.105888 0.000010 0.114067 0.780006
0.000010 0.927422 0.000010 0.000010 0.007800 0.064738 0.000010
0.000010 0.431134 0.421121 0.100545 0.000010 0.000010 0.047171
0.000010 0.000010 0.000010 0.272781 0.046878 0.000010 0.680301
0.172897 0.000010 0.115361 0.000010 0.000010 0.711702 0.000010
0.000010 0.219571 0.094491 0.000010 0.132877 0.553031 0.000010
0.000010 0.000010 0.000010 0.000010 0.000010 0.507261 0.492689
0.000010 0.752342 0.000010 0.000010 0.000010 0.247608 0.000010
0.300777 0.467775 0.000010 0.177894 0.018092 0.035442 0.000010
0.000010 0.112386 0.000010 0.000010 0.000010 0.476504 0.411070
0.000010 0.542725 0.000010 0.000010 0.000010 0.127738 0.329497
0.000010 0.000010 0.000010 0.000010 0.999940 0.000010 0.000010
0.000010 0.000010 0.000010 0.000010 0.999940 0.000010 0.000010
0.000010 0.000010 0.000010 0.000010 0.999940 0.000010 0.000010
0.000010 0.473079 0.000010 0.000010 0.101129 0.425752 0.000010
0.000010 0.572544 0.000010 0.000010 0.000010 0.001535 0.425880
0.000010 0.112009 0.000010 0.000010 0.000010 0.476109 0.411842
0.000010 0.000010 0.000010 0.623022 0.000010 0.000010 0.376928
0.000010 0.138744 0.342329 0.505047 0.011821 0.000010 0.002038
0.246156 0.097795 0.000010 0.000010 0.000010 0.656009 0.000010
0.000010 0.000010 0.178534 0.450867 0.000010 0.083776 0.286794
0.000010 0.117367 0.000010 0.000010 0.000010 0.474898 0.407695
0.000010 0.004099 0.000010 0.521353 0.000010 0.000010 0.474508
0.000010 0.000010 0.000010 0.000010 0.000010 0.143053 0.856897
0.000010 0.349242 0.139664 0.000010 0.064221 0.387408 0.059445
0.000010 0.000010 0.000010 0.623498 0.000010 0.000010 0.376452
0.000010 0.087424 0.000010 0.074012 0.000010 0.000010 0.838525
0.000010 0.217576 0.099771 0.000010 0.130765 0.551858 0.000010
0.000010 0.353193 0.000010 0.180349 0.000010 0.466419 0.000010
0.000010 0.999940 0.000010 0.000010 0.000010 0.000010 0.000010
0.000010 0.000010 0.000010 0.000010 0.999940 0.000010 0.000010
0.000010 0.293693 0.000010 0.000010 0.029030 0.409234 0.268013
0.000010 0.000010 0.000010 0.323416 0.000010 0.119553 0.556991
0.000010 0.000010 0.000010 0.000010 0.999940 0.000010 0.000010
0.000010 0.000010 0.000010 0.623498 0.000010 0.000010 0.376452
0.000010 0.833424 0.013691 0.035749 0.013713 0.103403 0.000010
0.000010 0.483214 0.000010 0.089680 0.006886 0.420190 0.000010
0.000010 0.000171 0.243510 0.000010 0.000010 0.468763 0.287526
0.000010 0.065564 0.069747 0.000010 0.000010 0.864649 0.000010
0.000010 0.659486 0.000010 0.340464 0.000010 0.000010 0.000010
0.018593 0.771784 0.000010 0.037716 0.051187 0.120700 0.000010
0.000010 0.000010 0.000010 0.167713 0.000010 0.000010 0.832237
0.000010 0.340450 0.122822 0.000010 0.063607 0.473091 0.000010
0.000010 0.658587 0.000010 0.000010 0.000010 0.080047 0.261326
0.036823 0.000010 0.000010 0.074940 0.057268 0.000010 0.830938
0.653469 0.000010 0.000010 0.000010 0.000010 0.346481 0.000010
0.000010 0.076399 0.000010 0.314342 0.000010 0.609219 0.000010
0.000010 0.000010 0.000010 0.401676 0.000010 0.000010 0.598274
0.068051 0.358041 0.000010 0.328353 0.000010 0.245525 0.000010
0.000010 0.117895 0.000010 0.000010 0.000010 0.474882 0.407183
0.000010 0.297231 0.000010 0.000010 0.000010 0.702719 0.000010
0.000010 0.940534 0.000010 0.000010 0.000010 0.059416 0.000010
0.000010 0.073363 0.000010 0.000010 0.000010 0.926587 0.000010
0.000010 0.152498 0.000010 0.756144 0.000010 0.091318 0.000010
0.000010 0.000010 0.000010 0.000010 0.000010 0.060477 0.939473
0.000010 0.279684 0.000010 0.000010 0.000010 0.720266 0.000010
0.000010 0.073477 0.000010 0.000010 0.000010 0.926473 0.000010
0.149053 0.010321 0.000010 0.393672 0.000010 0.342204 0.104730
0.000010 0.146109 0.000010 0.853841 0.000010 0.000010 0.000010
0.000010 0.000010 0.000010 0.000010 0.999940 0.000010 0.000010
0.000010 0.000010 0.000010 0.000010 0.999940 0.000010 0.000010
0.000010 0.166846 0.000010 0.000010 0.000010 0.357880 0.475234
0.000010 0.148352 0.284233 0.170984 0.015072 0.381338 0.000010
0.000010 0.071699 0.000010 0.015859 0.000010 0.260663 0.651749
0.063850 0.170412 0.000010 0.000010 0.000010 0.635689 0.130019
0.000010 0.087653 0.000010 0.912297 0.000010 0.000010 0.000010
0.037470 0.183317 0.000010 0.237246 0.093604 0.397329 0.051024
0.000010 0.139254 0.000010 0.000010 0.000010 0.860696 0.000010
0.000010 0.510271 0.000010 0.000010 0.000010 0.078945 0.410744
0.000010 0.290444 0.000010 0.000010 0.000010 0.709506 0.000010
0.000010 0.073449 0.000010 0.000010 0.000010 0.926501 0.000010
0.000010 0.000010 0.000010 0.000010 0.999940 0.000010 0.000010
0.000010 0.000010 0.000010 0.000010 0.999940 0.000010 0.000010
0.000010 0.000010 0.095620 0.129152 0.000010 0.223777 0.551421
0.010453 0.000010 0.000010 0.000010 0.000010 0.116317 0.873190
0.000010 0.011854 0.000010 0.170634 0.096937 0.000010 0.720546
0.000010 0.000010 0.000010 0.150260 0.118777 0.000010 0.730923
0.000010 0.158414 0.000010 0.753844 0.000010 0.087702 0.000010
0.058093 0.120435 0.340109 0.481333 0.000010 0.000010 0.000010
0.000010 0.512812 0.000010 0.004775 0.000010 0.482373 0.000010
0.070810 0.825531 0.000010 0.000010 0.010589 0.093041 0.000010
0.000010 0.143287 0.094323 0.176751 0.000010 0.585608 0.000010
0.010419 0.000010 0.000010 0.000010 0.000010 0.116449 0.873093
0.000010 0.258219 0.000010 0.000010 0.000010 0.741731 0.000010
0.000010 0.538768 0.000010 0.353823 0.000010 0.107369 0.000010
0.000010 0.110291 0.000010 0.000010 0.000010 0.889659 0.000010
0.000010 0.000010 0.000010 0.000010 0.999940 0.000010 0.000010
0.126636 0.012918 0.387879 0.472537 0.000010 0.000010 0.000010
0.000010 0.000010 0.000010 0.000010 0.999940 0.000010 0.000010
0.000010 0.198540 0.000010 0.713455 0.000010 0.087965 0.000010
0.000010 0.000010 0.114907 0.296200 0.000010 0.588853 0.000010
0.000010 0.067839 0.000010 0.000010 0.010099 0.400132 0.521899
0.623866 0.017436 0.000010 0.000010 0.000010 0.358658 0.000010
0.000010 0.955943 0.000010 0.000010 0.000010 0.044007 0.000010
0.000010 0.246195 0.000010 0.436160 0.052060 0.265555 0.000010
0.657198 0.000010 0.000010 0.000010 0.000010 0.342752 0.000010
0.000010 0.789654 0.000010 0.031664 0.000010 0.178642 0.000010
0.000010 0.152533 0.000010 0.847417 0.000010 0.000010 0.000010
0.000010 0.000010 0.000010 0.000010 0.000010 0.000010 0.999940
0.000010 0.414420 0.000010 0.000010 0.000010 0.585530 0.000010
0.000010 0.345126 0.000010 0.000010 0.000010 0.654824 0.000010
0.000010 0.306213 0.000010 0.000010 0.000010 0.693737 0.000010
0.000010 0.000010 0.000010 0.000010 0.999940 0.000010 0.000010
0.000010 0.000010 0.007088 0.000010 0.000010 0.369749 0.623123
0.000010 0.000010 0.000010 0.624278 0.000010 0.257013 0.118669
0.105665 0.015438 0.400850 0.478017 0.000010 0.000010 0.000010
0.000010 0.061558 0.095839 0.000010 0.000010 0.842563 0.000010
0.000010 0.898918 0.000010 0.101032 0.000010 0.000010 0.000010
0.000010 0.276036 0.000010 0.000010 0.000010 0.723914 0.000010
0.000010 0.000010 0.000010 0.000010 0.999940 0.000010 0.000010
0.000010 0.000010 0.000010 0.000010 0.999940 0.000010 0.000010
0.000010 0.584441 0.000010 0.415509 0.000010 0.000010 0.000010
0.000010 0.763471 0.000010 0.036156 0.021024 0.000010 0.179319
0.000010 0.412572 0.000010 0.135815 0.021419 0.000010 0.430164
0.000010 0.249350 0.000010 0.000010 0.000010 0.750600 0.000010
0.194404 0.223780 0.000010 0.000010 0.004411 0.577375 0.000010
0.068418 0.331007 0.000010 0.000010 0.006453 0.594092 0.000010
0.296644 0.072513 0.046906 0.003467 0.000010 0.580450 0.000010
0.119169 0.283600 0.000010 0.000010 0.045677 0.551524 0.000010
0.345294 0.000010 0.000010 0.000010 0.000010 0.436240 0.218425
0.330120 0.000010 0.000010 0.022496 0.000010 0.426568 0.220786
0.000010 0.000010 0.000010 0.000010 0.000010 0.000010 0.999940
0.058959 0.060540 0.000010 0.448718 0.000010 0.431753 0.000010
0.000010 0.129798 0.000010 0.481886 0.000010 0.221664 0.166622
0.175766 0.118968 0.000010 0.000010 0.000010 0.705226 0.000010
0.049813 0.000010 0.019774 0.691529 0.000010 0.238853 0.000010
0.177934 0.000010 0.000010 0.634475 0.000010 0.187551 0.000010
0.000010 0.000010 0.000010 0.000010 0.000010 0.000010 0.999940
0.196607 0.065502 0.000010 0.000010 0.000010 0.737850 0.000010
0.000010 0.000010 0.000010 0.000010 0.000010 0.000010 0.999940
0.134606 0.065490 0.000010 0.000010 0.000010 0.451293 0.348581
0.000010 0.483175 0.000010 0.424228 0.054907 0.037660 0.000010
0.182741 0.000010 0.000010 0.151126 0.000010 0.466563 0.199540
0.000010 0.000010 0.000010 0.000010 0.000010 0.000010 0.999940
0.000010 0.307698 0.000010 0.613553 0.078706 0.000013 0.000010
0.000010 0.401815 0.000010 0.437522 0.082299 0.078333 0.000010
0.030982 0.031382 0.143285 0.000010 0.081133 0.713198 0.000010
0.000010 0.202472 0.000010 0.797478 0.000010 0.000010 0.000010
0.081905 0.309781 0.000010 0.000010 0.000010 0.608274 0.000010
0.000010 0.126048 0.000010 0.506823 0.000010 0.367089 0.000010
0.000010 0.000010 0.000010 0.250698 0.031015 0.530743 0.187515
0.000010 0.184957 0.000010 0.161560 0.000010 0.000010 0.653443
0.141143 0.427000 0.000010 0.000010 0.277719 0.154107 0.000010
0.000010 0.094445 0.000010 0.855952 0.049563 0.000010 0.000010
0.000010 0.279969 0.000010 0.114346 0.027182 0.578473 0.000010
0.000010 0.455863 0.000010 0.000010 0.000010 0.521816 0.022281
0.000010 0.000010 0.000010 0.000010 0.000010 0.000010 0.999940
0.089890 0.145846 0.067952 0.263180 0.000010 0.375962 0.057159
0.089920 0.040986 0.000010 0.218748 0.000010 0.650316 0.000010
0.000010 0.189007 0.096506 0.384637 0.029567 0.300263 0.000010
0.000010 0.000010 0.000010 0.989184 0.010766 0.000010 0.000010
0.000010 0.235278 0.145396 0.374838 0.026940 0.217528 0.000010
0.049813 0.000010 0.019774 0.691529 0.000010 0.238853 0.000010
0.185801 0.383556 0.000010 0.000010 0.041198 0.389416 0.000010
0.000010 0.100973 0.000010 0.632393 0.000010 0.266593 0.000010
0.197983 0.070736 0.000010 0.000010 0.000010 0.731241 0.000010
0.086866 0.141487 0.064800 0.276172 0.000010 0.373895 0.056771
0.011673 0.231520 0.000010 0.171207 0.006355 0.579224 0.000010
0.191263 0.006343 0.000010 0.211328 0.027862 0.563185 0.000010
0.000010 0.000010 0.000010 0.034809 0.000010 0.000010 0.965141
0.122537 0.000010 0.033444 0.148857 0.000010 0.695133 0.000010
0.005118 0.337064 0.139989 0.458625 0.024297 0.034897 0.000010
0.114486 0.547414 0.000010 0.000010 0.000010 0.338060 0.000010
0.133870 0.084294 0.000010 0.131294 0.000010 0.595566 0.054956
0.000010 0.000010 0.000010 0.000010 0.041397 0.600548 0.358015
0.000010 0.155928 0.000010 0.403811 0.000010 0.296271 0.143959
0.000010 0.085937 0.231189 0.184230 0.000010 0.498613 0.000010
0.106184 0.579058 0.000010 0.246462 0.000010 0.068266 0.000010
0.000010 0.000010 0.000010 0.000010 0.000010 0.553719 0.446231
0.125448 0.438663 0.000010 0.000010 0.273134 0.162724 0.000010
0.000010 0.836624 0.000010 0.000010 0.000010 0.163326 0.000010
0.000010 0.260002 0.000010 0.647184 0.092774 0.000010 0.000010
0.000010 0.000010 0.000010 0.478187 0.000010 0.351933 0.169840
0.075357 0.290574 0.000010 0.000010 0.000010 0.634029 0.000010
0.143266 0.423026 0.000010 0.000010 0.280215 0.153462 0.000010
0.000010 0.255406 0.181084 0.000010 0.000010 0.531460 0.032020
0.000010 0.261865 0.000010 0.000010 0.000010 0.738085 0.000010
0.000010 0.234248 0.000010 0.000010 0.000010 0.765702 0.000010
0.000010 0.000010 0.000010 0.556271 0.049544 0.177518 0.216638
0.000010 0.303328 0.000010 0.509558 0.000010 0.187074 0.000010
0.112296 0.519000 0.000010 0.000010 0.000010 0.368664 0.000010
0.104436 0.515755 0.000010 0.000010 0.000010 0.379769 0.000010
0.020355 0.135852 0.000010 0.526669 0.000010 0.222524 0.094581
0.000010 0.086587 0.000010 0.000010 0.000010 0.913363 0.000010
0.000010 0.341911 0.000010 0.423824 0.020361 0.212732 0.001152
0.257072 0.306615 0.000010 0.138601 0.132690 0.013663 0.151349
0.000010 0.000010 0.000010 0.500199 0.000010 0.000010 0.499751
0.000010 0.000010 0.000010 0.118988 0.000010 0.000010 0.880962
0.000010 0.224566 0.000010 0.000010 0.015068 0.319434 0.440902
0.305697 0.016549 0.000010 0.370636 0.000010 0.307088 0.000010
0.000010 0.178128 0.000010 0.000010 0.098979 0.557020 0.165844
0.000010 0.000010 0.000010 0.645847 0.000010 0.000010 0.354103
0.000010 0.144605 0.000010 0.330069 0.000010 0.107191 0.418104
0.000010 0.000010 0.000010 0.999940 0.000010 0.000010 0.000010
