0.000010 0.500425 0.499565
0.000010 0.000010 0.999980
0.000010 0.000010 0.999980
0.000010 0.332107 0.667883
0.000010 0.999980 0.000010
0.017935 0.048533 0.933533
0.067840 0.000010 0.932150
0.000010 0.038962 0.961028
0.000010 0.994849 0.005141
0.114714 0.067989 0.817297
0.000010 0.043982 0.956008
0.000010 0.591426 0.408564
0.041813 0.609104 0.349083
0.000010 0.267880 0.732110
0.007819 0.272346 0.719835
0.000010 0.000010 0.999980
0.000010 0.000010 0.999980
0.000010 0.959003 0.040987
0.000010 0.176294 0.823696
0.050282 0.799404 0.150315
0.000010 0.210238 0.789752
0.000010 0.425948 0.574042
0.000010 0.000010 0.999980
0.000010 0.586186 0.413804
0.119678 0.000010 0.880312
0.000010 0.340754 0.659236
0.006527 0.289525 0.703948
0.099941 0.166570 0.733489
0.000010 0.836573 0.163417
0.000010 0.128826 0.871164
0.000010 0.561462 0.438528
0.000010 0.374159 0.625831
0.000010 0.000010 0.999980
0.078469 0.302483 0.619047
0.048006 0.086142 0.865852
0.028007 0.559009 0.412983
0.000010 0.282546 0.717444
0.044425 0.123818 0.831758
0.000010 0.258299 0.741691
0.000010 0.451936 0.548054
0.009106 0.727116 0.263778
0.000010 0.068664 0.931326
0.000010 0.483893 0.516097
0.015631 0.563664 0.420705
0.028088 0.184674 0.787238
0.000010 0.333817 0.666173
0.000010 0.000010 0.999980
0.000010 0.007896 0.992094
0.000010 0.000010 0.999980
0.000010 0.408342 0.591648
0.142505 0.000010 0.857485
0.000010 0.018022 0.981968
0.041193 0.717295 0.241512
0.000010 0.571970 0.428020
0.049959 0.230747 0.719294
0.000010 0.109113 0.890877
0.000010 0.060674 0.939316
0.000010 0.000010 0.999980
0.000010 0.059359 0.940631
0.378332 0.000010 0.621658
0.000010 0.406004 0.593986
0.001415 0.010664 0.987921
0.000010 0.365100 0.634890
0.000010 0.828281 0.171709
0.000010 0.999980 0.000010
0.115202 0.634121 0.250677
0.000010 0.000010 0.999980
0.000010 0.000010 0.999980
0.619568 0.146185 0.234247
0.759369 0.240621 0.000010
0.000010 0.999980 0.000010
0.000010 0.999980 0.000010
0.432781 0.567209 0.000010
0.765514 0.234476 0.000010
0.154377 0.845613 0.000010
0.988335 0.000010 0.011655
0.778148 0.221842 0.000010
0.648893 0.095236 0.255872
0.521304 0.478686 0.000010
0.159064 0.379218 0.461717
0.999980 0.000010 0.000010
0.999980 0.000010 0.000010
0.438423 0.561567 0.000010
0.782175 0.217815 0.000010
0.999980 0.000010 0.000010
0.912270 0.087720 0.000010
0.717867 0.000010 0.282123
0.991481 0.000010 0.008509
0.999980 0.000010 0.000010
0.000010 0.999980 0.000010
0.291278 0.000010 0.708712
0.999980 0.000010 0.000010
0.214147 0.785843 0.000010
0.117033 0.000010 0.882957
0.114996 0.000010 0.884994
0.654174 0.000010 0.345816
0.799604 0.200386 0.000010
0.051751 0.948239 0.000010
0.930558 0.000010 0.069432
0.687567 0.000010 0.312423
0.902146 0.097844 0.000010
0.218638 0.553030 0.228332
0.846168 0.153822 0.000010
0.999980 0.000010 0.000010
0.917628 0.082362 0.000010
0.120965 0.879025 0.000010
0.476157 0.348476 0.175367
0.809767 0.190223 0.000010
0.978985 0.000010 0.021005
0.502326 0.497664 0.000010
0.593873 0.000010 0.406117
0.255088 0.180620 0.564293
0.518645 0.031040 0.450315
0.999980 0.000010 0.000010
0.578509 0.421481 0.000010
0.313890 0.553692 0.132418
0.152976 0.847014 0.000010
0.658173 0.000010 0.341817
0.592231 0.407759 0.000010
0.174602 0.825388 0.000010
0.344571 0.004007 0.651422
0.620632 0.329250 0.050118
0.138151 0.000010 0.861839
0.245092 0.000010 0.754898
0.999980 0.000010 0.000010
0.022218 0.977772 0.000010
0.869149 0.000010 0.130841
0.293789 0.116511 0.589700
0.891627 0.108363 0.000010
0.922950 0.077040 0.000010
0.038543 0.000010 0.961447
0.022804 0.000010 0.977186
0.538620 0.461370 0.000010
0.932556 0.067434 0.000010
0.239132 0.690912 0.069956
0.643100 0.356890 0.000010
0.884962 0.115028 0.000010
0.999980 0.000010 0.000010
0.953919 0.046071 0.000010
0.562809 0.437181 0.000010
0.303936 0.000010 0.696054
0.777364 0.222626 0.000010
0.999980 0.000010 0.000010
0.270284 0.000010 0.729706
0.284141 0.000010 0.715849
0.999980 0.000010 0.000010
0.807354 0.192636 0.000010
0.999980 0.000010 0.000010
0.330072 0.000010 0.669918
0.621335 0.000010 0.378655
0.932947 0.067043 0.000010
0.489002 0.510988 0.000010
0.356354 0.000010 0.643636
0.525887 0.474103 0.000010
0.546788 0.453202 0.000010
0.252134 0.747856 0.000010
0.905455 0.035992 0.058553
0.999980 0.000010 0.000010
0.999980 0.000010 0.000010
0.487570 0.512420 0.000010
0.999980 0.000010 0.000010
0.999980 0.000010 0.000010
0.947360 0.052630 0.000010
0.000010 0.999980 0.000010
0.999980 0.000010 0.000010
0.807545 0.000010 0.192445
0.057898 0.000010 0.942092
0.591006 0.000010 0.408984
0.010376 0.000010 0.989614
0.766214 0.148171 0.085615
0.759251 0.138012 0.102738
0.000010 0.999980 0.000010
0.912519 0.000010 0.087471
0.969774 0.030216 0.000010
0.956486 0.000010 0.043504
0.999980 0.000010 0.000010
0.837815 0.000010 0.162175
0.000010 0.999980 0.000010
0.912816 0.000010 0.087174
0.000010 0.999980 0.000010
0.726258 0.273732 0.000010
0.944007 0.055983 0.000010
0.839356 0.160634 0.000010
0.000010 0.999980 0.000010
0.977353 0.022637 0.000010
0.822765 0.177225 0.000010
0.697607 0.167868 0.134525
0.999980 0.000010 0.000010
0.708260 0.000010 0.291730
0.999980 0.000010 0.000010
0.983563 0.016427 0.000010
0.125455 0.874535 0.000010
0.828792 0.171198 0.000010
0.991918 0.008072 0.000010
0.900375 0.000010 0.099615
0.735459 0.227637 0.036903
0.000010 0.999980 0.000010
0.833887 0.000863 0.165250
0.934346 0.065644 0.000010
0.852795 0.000010 0.147195
0.999980 0.000010 0.000010
0.213433 0.000010 0.786557
0.999980 0.000010 0.000010
0.656322 0.176336 0.167342
0.999980 0.000010 0.000010
0.912226 0.000010 0.087764
0.835722 0.000010 0.164268
0.999980 0.000010 0.000010
0.811292 0.000010 0.188698
0.000010 0.999980 0.000010
0.805190 0.000010 0.194800
0.242939 0.000010 0.757051
0.830140 0.169850 0.000010
0.697043 0.302947 0.000010
0.607501 0.392489 0.000010
0.986154 0.013836 0.000010
0.639780 0.000010 0.360210
0.841583 0.000010 0.158407
0.338696 0.661294 0.000010
0.805165 0.194825 0.000010
0.794348 0.205642 0.000010
0.978034 0.021956 0.000010
0.999980 0.000010 0.000010
0.721976 0.000010 0.278014
0.828944 0.171046 0.000010
0.636717 0.000010 0.363273
0.999980 0.000010 0.000010
0.999980 0.000010 0.000010
0.684914 0.315076 0.000010
0.999980 0.000010 0.000010
0.859710 0.028830 0.111460
0.910854 0.008937 0.080209
0.999980 0.000010 0.000010
0.999980 0.000010 0.000010
0.673344 0.326646 0.000010
0.151536 0.617862 0.230603
0.508422 0.491568 0.000010
0.210104 0.789886 0.000010
0.357525 0.642465 0.000010
0.814289 0.000010 0.185701
0.158604 0.841386 0.000010
0.943061 0.056929 0.000010
0.452930 0.547060 0.000010
0.999980 0.000010 0.000010
0.627958 0.000010 0.372032
0.798547 0.201443 0.000010
0.734768 0.265222 0.000010
0.000010 0.999980 0.000010
0.322920 0.677070 0.000010
0.999980 0.000010 0.000010
0.935340 0.064650 0.000010
0.000010 0.000010 0.999980
0.913158 0.086832 0.000010
0.896038 0.103952 0.000010
0.915267 0.084723 0.000010
0.953874 0.046116 0.000010
0.999980 0.000010 0.000010
0.341108 0.000010 0.658882
0.882164 0.117826 0.000010
0.999980 0.000010 0.000010
0.999980 0.000010 0.000010
0.999980 0.000010 0.000010
0.999980 0.000010 0.000010
0.633477 0.000010 0.366513
0.463844 0.536146 0.000010
0.771417 0.228573 0.000010
0.999980 0.000010 0.000010
0.810723 0.000010 0.189267
0.999980 0.000010 0.000010
0.235672 0.000010 0.764318
0.282445 0.000010 0.717545
0.291731 0.000010 0.708259
0.722334 0.277656 0.000010
0.243114 0.000010 0.756876
0.999980 0.000010 0.000010
0.552986 0.447004 0.000010
0.999980 0.000010 0.000010
0.999980 0.000010 0.000010
0.873046 0.126944 0.000010
0.999980 0.000010 0.000010
0.999980 0.000010 0.000010
0.955473 0.044517 0.000010
0.999980 0.000010 0.000010
0.667574 0.332416 0.000010
0.336121 0.000010 0.663869
0.000010 0.999980 0.000010
0.862326 0.000010 0.137664
0.000010 0.999980 0.000010
0.999980 0.000010 0.000010
0.999980 0.000010 0.000010
0.848227 0.151763 0.000010
0.877424 0.122566 0.000010
0.883055 0.116935 0.000010
0.999980 0.000010 0.000010
0.999980 0.000010 0.000010
0.999980 0.000010 0.000010
0.999980 0.000010 0.000010
0.000010 0.999980 0.000010
0.160968 0.839022 0.000010
0.906206 0.000010 0.093784
0.000010 0.000010 0.999980
0.014257 0.000010 0.985733
0.000010 0.000010 0.999980
0.434986 0.000010 0.565004
0.250834 0.749156 0.000010
0.010655 0.584958 0.404388
0.046696 0.030673 0.922631
0.000010 0.999980 0.000010
0.000010 0.002192 0.997798
0.000010 0.999980 0.000010
0.000010 0.000010 0.999980
0.000010 0.222208 0.777782
0.000010 0.144810 0.855180
0.000010 0.046651 0.953339
0.000010 0.952005 0.047985
0.000010 0.999980 0.000010
0.057237 0.208804 0.733958
0.000010 0.999980 0.000010
0.000010 0.692865 0.307125
0.646142 0.353848 0.000010
0.000010 0.601649 0.398341
0.043655 0.460105 0.496240
0.000010 0.073442 0.926548
0.031284 0.933485 0.035231
0.188342 0.811648 0.000010
0.002682 0.305775 0.691543
0.000010 0.000010 0.999980
0.000010 0.550161 0.449829
0.000010 0.701320 0.298670
0.000010 0.000010 0.999980
0.026338 0.753923 0.219739
0.000010 0.376570 0.623420
0.000010 0.536945 0.463045
0.000010 0.844004 0.155986
0.000010 0.000010 0.999980
0.045238 0.166425 0.788337
0.000010 0.342363 0.657627
0.009554 0.990436 0.000010
0.070772 0.313682 0.615546
0.060870 0.939120 0.000010
0.000010 0.999980 0.000010
0.000010 0.000010 0.999980
0.027211 0.972779 0.000010
0.000010 0.000010 0.999980
0.045951 0.954039 0.000010
0.000010 0.999980 0.000010
0.012500 0.728718 0.258782
0.043507 0.028583 0.927910
0.111749 0.888241 0.000010
0.000010 0.999980 0.000010
0.092741 0.494871 0.412388
0.000010 0.703154 0.296836
0.075613 0.924377 0.000010
0.000010 0.094949 0.905041
0.000010 0.999980 0.000010
0.000010 0.999980 0.000010
0.000010 0.999980 0.000010
0.000010 0.821078 0.178912
0.000010 0.615057 0.384933
0.264733 0.644187 0.091079
0.063423 0.000010 0.936567
0.069529 0.288767 0.641704
0.101079 0.649686 0.249235
0.017291 0.930317 0.052392
0.000010 0.068509 0.931481
0.000010 0.209876 0.790114
0.000010 0.000010 0.999980
0.000010 0.142981 0.857009
0.000010 0.999980 0.000010
0.073974 0.446658 0.479368
0.000010 0.716145 0.283845
0.211990 0.788000 0.000010
0.000010 0.000010 0.999980
0.000010 0.572960 0.427030
0.000014 0.999976 0.000010
0.000010 0.000010 0.999980
0.000010 0.999980 0.000010
0.031691 0.968299 0.000010
0.000010 0.736705 0.263285
0.000010 0.340283 0.659707
0.000010 0.999980 0.000010
0.000010 0.373389 0.626601
0.000010 0.928058 0.071932
0.065866 0.620384 0.313750
0.000010 0.896026 0.103964
0.000010 0.710435 0.289555
0.050890 0.628697 0.320413
0.015970 0.894658 0.089372
0.000010 0.924454 0.075536
0.000010 0.196577 0.803413
0.000010 0.000010 0.999980
0.000010 0.068340 0.931650
0.000010 0.691656 0.308334
0.000010 0.000010 0.999980
0.183386 0.000010 0.816604
0.000010 0.230783 0.769207
0.000010 0.582062 0.417928
0.000010 0.479933 0.520057
0.061882 0.804615 0.133503
0.000010 0.422225 0.577765
0.000010 0.858150 0.141840
0.000010 0.064497 0.935493
0.000010 0.155193 0.844797
0.000010 0.572812 0.427178
0.000010 0.416847 0.583143
0.025569 0.974421 0.000010
0.000010 0.153811 0.846179
0.000010 0.248761 0.751229
0.049650 0.497504 0.452846
0.000010 0.247322 0.752668
0.000010 0.194103 0.805887
0.000010 0.463251 0.536739
0.000010 0.000010 0.999980
0.000010 0.185911 0.814079
0.000010 0.261244 0.738746
0.000010 0.735141 0.264849
0.000010 0.409552 0.590438
0.017232 0.151019 0.831749
0.000010 0.585899 0.414091
0.000010 0.163997 0.835993
0.000010 0.025002 0.974988
0.000010 0.999980 0.000010
0.000010 0.999980 0.000010
0.000010 0.789497 0.210493
0.000010 0.495211 0.504779
0.000010 0.999980 0.000010
0.000010 0.999980 0.000010
0.000010 0.183640 0.816350
0.000010 0.517606 0.482384
0.000010 0.586393 0.413597
0.000010 0.495050 0.504940
0.000010 0.685022 0.314968
0.000010 0.294762 0.705228
0.000010 0.624497 0.375493
0.000010 0.100370 0.899620
0.000010 0.000010 0.999980
0.000010 0.055304 0.944686
0.000010 0.551109 0.448881
0.000010 0.632891 0.367099
0.000010 0.518678 0.481312
0.014146 0.127567 0.858287
0.000010 0.270430 0.729560
0.000010 0.999980 0.000010
0.000010 0.000010 0.999980
0.000010 0.232775 0.767215
0.000010 0.000010 0.999980
0.000010 0.424053 0.575937
0.000010 0.000010 0.999980
0.000010 0.306120 0.693870
0.000010 0.060697 0.939293
0.000010 0.713941 0.286049
0.000010 0.103447 0.896543
0.000010 0.589853 0.410137
0.000010 0.322853 0.677137
0.000010 0.504243 0.495747
0.000010 0.075759 0.924231
0.000010 0.142027 0.857963
0.042097 0.692435 0.265468
0.000010 0.466347 0.533643
0.000010 0.000010 0.999980
0.000010 0.749302 0.250688
0.000010 0.000010 0.999980
0.000010 0.639196 0.360794
0.000010 0.283578 0.716412
0.000010 0.247382 0.752608
0.000010 0.733352 0.266638
0.000010 0.873010 0.126980
0.000010 0.000010 0.999980
0.218013 0.614984 0.167004
0.000010 0.065419 0.934571
0.000010 0.138500 0.861490
0.000010 0.171116 0.828874
0.000010 0.075660 0.924330
0.047249 0.448474 0.504278
0.000010 0.132961 0.867029
0.000010 0.999980 0.000010
0.000010 0.860993 0.138997
0.000010 0.000010 0.999980
0.000010 0.000010 0.999980
0.000010 0.192511 0.807479
0.069711 0.522391 0.407898
0.000010 0.674605 0.325385
0.000010 0.322944 0.677046
0.000010 0.000010 0.999980
0.021016 0.628029 0.350956
0.044084 0.185656 0.770260
0.076837 0.000010 0.923153
0.000010 0.142814 0.857176
0.000010 0.241096 0.758894
0.000010 0.491934 0.508056
0.000010 0.643747 0.356243
0.000010 0.371549 0.628441
0.000010 0.407721 0.592269
0.000010 0.343271 0.656719
0.017689 0.000010 0.982301
0.000010 0.268863 0.731127
0.000010 0.999980 0.000010
0.000010 0.000010 0.999980
0.000010 0.413962 0.586028
0.000010 0.999980 0.000010
0.000010 0.375064 0.624926
0.082487 0.093418 0.824095
0.000010 0.269445 0.730545
0.000010 0.191207 0.808783
0.000010 0.181041 0.818949
0.083901 0.170537 0.745562
0.000010 0.000010 0.999980
0.000010 0.175756 0.824234
0.000010 0.567976 0.432014
0.000010 0.563080 0.436910
0.000010 0.038918 0.961072
0.000010 0.000010 0.999980
0.000010 0.689895 0.310095
0.000010 0.672047 0.327943
0.000010 0.531841 0.468149
0.000010 0.198133 0.801857
0.000010 0.058748 0.941242
0.000010 0.570202 0.429788
0.000010 0.011226 0.988764
0.000010 0.999980 0.000010
0.000010 0.066777 0.933213
0.000010 0.521359 0.478631
0.086723 0.237545 0.675732
0.000010 0.042454 0.957536
0.000010 0.273420 0.726570
0.000010 0.000010 0.999980
0.000010 0.206671 0.793319
0.000010 0.167279 0.832711
0.000010 0.079952 0.920038
0.000010 0.718191 0.281799
0.000010 0.631396 0.368594
0.000010 0.441989 0.558001
0.000010 0.000010 0.999980
0.000010 0.000010 0.999980
0.000010 0.000010 0.999980
0.000010 0.999980 0.000010
0.000010 0.999980 0.000010
0.000010 0.000010 0.999980
0.000010 0.963039 0.036951
0.000010 0.152212 0.847778
0.000010 0.143425 0.856565
0.000010 0.000010 0.999980
0.000010 0.431614 0.568376
0.000010 0.632485 0.367505
0.000010 0.282847 0.717143
0.000010 0.402098 0.597892
0.000010 0.090936 0.909054
0.000010 0.338051 0.661939
0.000010 0.999980 0.000010
0.000010 0.651188 0.348802
0.000010 0.835369 0.164621
0.000010 0.999980 0.000010
0.000010 0.585582 0.414408
0.029243 0.970747 0.000010
0.000010 0.055965 0.944025
0.000010 0.572847 0.427143
0.000010 0.999980 0.000010
0.000010 0.185751 0.814239
0.000010 0.592017 0.407973
0.000010 0.997902 0.002088
0.000010 0.000010 0.999980
0.000010 0.751853 0.248137
0.000010 0.899710 0.100280
0.000010 0.000010 0.999980
0.000010 0.520446 0.479544
0.000010 0.000010 0.999980
0.000010 0.889024 0.110966
0.000010 0.409091 0.590899
0.000010 0.987923 0.012067
0.000010 0.942178 0.057812
0.000010 0.999980 0.000010
0.000010 0.000010 0.999980
0.000010 0.932281 0.067709
0.000010 0.188304 0.811686
0.000010 0.216146 0.783844
0.000010 0.216720 0.783270
0.000010 0.000010 0.999980
0.000010 0.515608 0.484382
0.000010 0.182258 0.817732
0.000010 0.999980 0.000010
0.000010 0.000010 0.999980
0.000010 0.865831 0.134159
0.000010 0.999980 0.000010
0.000010 0.999980 0.000010
0.000010 0.574046 0.425944
0.000010 0.999980 0.000010
0.000010 0.583251 0.416739
0.000010 0.000010 0.999980
0.000010 0.999980 0.000010
0.000010 0.999980 0.000010
0.000010 0.862561 0.137429
0.000010 0.999980 0.000010
0.000010 0.312621 0.687369
0.000010 0.000010 0.999980
0.000010 0.031225 0.968765
0.000010 0.000010 0.999980
0.000010 0.999980 0.000010
0.000010 0.122781 0.877209
0.000010 0.000010 0.999980
0.000010 0.863476 0.136514
0.000010 0.097698 0.902292
0.000010 0.000010 0.999980
0.000010 0.000010 0.999980
0.000010 0.999980 0.000010
0.000010 0.999980 0.000010
0.000010 0.469175 0.530815
0.000010 0.031822 0.968168
0.000010 0.064163 0.935827
0.000010 0.839614 0.160376
0.000010 0.427657 0.572333
0.000010 0.620695 0.379295
0.000010 0.134747 0.865243
0.000010 0.000010 0.999980
0.000010 0.555843 0.444147
0.000010 0.265416 0.734574
0.000010 0.176116 0.823874
0.000010 0.014732 0.985258
0.000010 0.722446 0.277544
0.000010 0.907467 0.092523
0.000010 0.999980 0.000010
0.000010 0.999980 0.000010
0.000010 0.141168 0.858822
0.000010 0.291493 0.708497
0.000010 0.755487 0.244503
0.000010 0.000010 0.999980
0.000010 0.563842 0.436148
0.000010 0.666110 0.333880
0.000010 0.999980 0.000010
0.000010 0.700546 0.299444
0.000010 0.000010 0.999980
0.000010 0.256484 0.743506
0.000010 0.000010 0.999980
0.000010 0.999980 0.000010
0.000010 0.000010 0.999980
0.000010 0.485075 0.514915
0.000010 0.939077 0.060913
0.000010 0.999980 0.000010
0.000010 0.695557 0.304433
0.000010 0.913852 0.086138
0.000010 0.000010 0.999980
0.000010 0.123375 0.876615
0.000010 0.324830 0.675160
0.000010 0.472881 0.527109
0.000010 0.279588 0.720402
0.000010 0.000010 0.999980
0.000010 0.000010 0.999980
0.000010 0.086947 0.913043
0.000010 0.999980 0.000010
0.000010 0.228744 0.771246
0.000010 0.999980 0.000010
0.000012 0.000010 0.999978
0.000010 0.000010 0.999980
0.000010 0.893864 0.106126
0.000010 0.523697 0.476293
0.000010 0.702331 0.297659
0.000010 0.042238 0.957752
0.000010 0.757892 0.242098
0.000010 0.999980 0.000010
0.000010 0.330140 0.669850
0.000010 0.999980 0.000010
0.000010 0.416514 0.583476
0.000010 0.000010 0.999980
0.000010 0.134591 0.865399
0.000010 0.758581 0.241409
0.000010 0.067656 0.932334
0.000010 0.034743 0.965247
0.000010 0.826868 0.173122
0.000010 0.207332 0.792658
0.000010 0.000010 0.999980
0.000010 0.728423 0.271567
0.000010 0.000010 0.999980
0.000010 0.000010 0.999980
0.000010 0.715228 0.284762
0.000010 0.220882 0.779108
0.000010 0.236125 0.763865
0.000010 0.237411 0.762579
0.000010 0.999980 0.000010
0.000010 0.999980 0.000010
0.000010 0.999980 0.000010
0.000010 0.999980 0.000010
0.000010 0.484651 0.515339
0.000010 0.346328 0.653662
0.000010 0.951404 0.048586
0.063969 0.777593 0.158438
