0.008080 0.153848 0.838072
0.108096 0.000010 0.891894
0.124011 0.000010 0.875979
0.000010 0.000010 0.999980
0.000010 0.999980 0.000010
0.000010 0.000010 0.999980
0.000010 0.000010 0.999980
0.000010 0.000010 0.999980
0.000010 0.612175 0.387815
0.463814 0.032555 0.503631
0.446064 0.156479 0.397457
0.000010 0.000010 0.999980
0.000010 0.000010 0.999980
0.000010 0.000010 0.999980
0.389268 0.121416 0.489316
0.486011 0.000010 0.513979
0.271152 0.000010 0.728838
0.000010 0.568082 0.431908
0.295232 0.000010 0.704758
0.000010 0.416128 0.583862
0.239483 0.000010 0.760507
0.000010 0.000010 0.999980
0.553150 0.011263 0.435587
0.387670 0.604431 0.007899
0.111199 0.000010 0.888791
0.000010 0.000010 0.999980
0.000010 0.000010 0.999980
0.458555 0.000010 0.541435
0.000010 0.099969 0.900021
0.000010 0.000010 0.999980
0.000010 0.000010 0.999980
0.000010 0.000010 0.999980
0.454335 0.177351 0.368314
0.314438 0.381160 0.304401
0.000010 0.000010 0.999980
0.000010 0.000010 0.999980
0.468989 0.259352 0.271659
0.000010 0.000010 0.999980
0.000010 0.000010 0.999980
0.000010 0.000010 0.999980
0.271515 0.728475 0.000010
0.000010 0.000010 0.999980
0.000010 0.000010 0.999980
0.000010 0.000010 0.999980
0.303450 0.000010 0.696540
0.000010 0.000010 0.999980
0.802768 0.000010 0.197222
0.000010 0.000010 0.999980
0.243207 0.000010 0.756783
0.000010 0.000010 0.999980
0.734411 0.170878 0.094711
0.481869 0.028961 0.489171
0.000010 0.443355 0.556635
0.000010 0.000010 0.999980
0.000010 0.000010 0.999980
0.000010 0.000010 0.999980
0.644244 0.125820 0.229937
0.850153 0.000010 0.149837
0.000010 0.000010 0.999980
0.703613 0.046395 0.249992
0.281807 0.433948 0.284246
0.250997 0.011214 0.737789
0.000010 0.000010 0.999980
0.000010 0.000010 0.999980
0.000010 0.829334 0.170656
0.347882 0.511916 0.140203
0.405056 0.000010 0.594934
0.401298 0.127655 0.471047
0.000010 0.999980 0.000010
0.000010 0.999980 0.000010
0.544666 0.000010 0.455324
0.324658 0.000010 0.675332
0.372570 0.072699 0.554731
0.113131 0.000010 0.886859
0.000010 0.000010 0.999980
0.000010 0.999980 0.000010
0.000010 0.000010 0.999980
0.120479 0.578612 0.300909
0.181090 0.401834 0.417077
0.219688 0.118913 0.661399
0.000010 0.999980 0.000010
0.176429 0.133577 0.689994
0.186326 0.288170 0.525505
0.000010 0.900545 0.099445
0.265844 0.144146 0.590011
0.000010 0.310356 0.689634
0.000010 0.999980 0.000010
0.104315 0.600805 0.294880
0.000010 0.999980 0.000010
0.000010 0.000010 0.999980
0.000010 0.999980 0.000010
0.266407 0.733583 0.000010
0.420103 0.148271 0.431627
0.229214 0.000010 0.770776
0.093166 0.642627 0.264207
0.201551 0.529398 0.269051
0.201083 0.397283 0.401633
0.453688 0.000010 0.546302
0.000010 0.919946 0.080044
0.000010 0.069697 0.930293
0.080177 0.764194 0.155628
0.079693 0.748958 0.171349
0.000010 0.000010 0.999980
0.000010 0.999980 0.000010
0.673324 0.132642 0.194034
0.193748 0.494174 0.312078
0.032974 0.426899 0.540127
0.207750 0.000010 0.792240
0.294048 0.338419 0.367533
0.000010 0.000010 0.999980
0.362081 0.000010 0.637909
0.192667 0.466079 0.341254
0.299541 0.000010 0.700449
0.110816 0.097544 0.791640
0.000010 0.994626 0.005364
0.166456 0.000010 0.833534
0.000010 0.000010 0.999980
0.169181 0.000010 0.830809
0.407156 0.133177 0.459667
0.105911 0.149173 0.744916
0.603362 0.000010 0.396628
0.279767 0.017065 0.703168
0.077694 0.388163 0.534143
0.000010 0.609454 0.390536
0.206103 0.000010 0.793887
0.000010 0.757617 0.242373
0.593883 0.000010 0.406107
0.118924 0.417834 0.463242
0.591149 0.106169 0.302681
0.320632 0.359434 0.319934
0.000010 0.695428 0.304562
0.000010 0.596064 0.403926
0.739781 0.235651 0.024568
0.000010 0.643990 0.356000
0.497337 0.000010 0.502653
0.054076 0.477486 0.468438
0.114610 0.259191 0.626199
0.492129 0.000010 0.507861
0.706651 0.123951 0.169398
0.218743 0.429329 0.351928
0.000010 0.000010 0.999980
0.000010 0.365266 0.634724
0.000010 0.891411 0.108579
0.493702 0.000010 0.506288
0.000010 0.963671 0.036319
0.133406 0.703161 0.163433
0.571492 0.000010 0.428498
0.497191 0.066115 0.436694
0.126660 0.000010 0.873330
0.000010 0.000010 0.999980
0.000010 0.000010 0.999980
0.463134 0.006028 0.530838
0.000010 0.000010 0.999980
0.000010 0.069039 0.930951
0.000010 0.311603 0.688387
0.000010 0.000010 0.999980
0.143751 0.636679 0.219570
0.000010 0.773502 0.226488
0.111762 0.664287 0.223951
0.570034 0.197375 0.232592
0.000010 0.000010 0.999980
0.101624 0.602410 0.295965
0.430221 0.349113 0.220667
0.000010 0.000010 0.999980
0.283394 0.716596 0.000010
0.433817 0.000010 0.566173
0.830034 0.000010 0.169956
0.000010 0.205779 0.794211
0.100260 0.000010 0.899730
0.000010 0.999980 0.000010
0.161381 0.011577 0.827042
0.533973 0.146723 0.319304
0.438388 0.000010 0.561602
0.000010 0.000010 0.999980
0.184989 0.815001 0.000010
0.063535 0.579298 0.357168
0.167388 0.599325 0.233287
0.459159 0.000010 0.540831
0.458756 0.495745 0.045499
0.567252 0.432738 0.000010
0.000010 0.000010 0.999980
0.000010 0.000010 0.999980
0.281847 0.000010 0.718143
0.000010 0.999980 0.000010
0.134795 0.620567 0.244638
0.608790 0.103258 0.287952
0.537852 0.000010 0.462138
0.000010 0.077909 0.922081
0.464157 0.402455 0.133387
0.000010 0.999980 0.000010
0.138595 0.000010 0.861395
0.296733 0.470700 0.232567
0.000010 0.777136 0.222854
0.066847 0.000010 0.933143
0.626034 0.186253 0.187714
0.505455 0.000010 0.494535
0.000010 0.098675 0.901315
0.000010 0.626975 0.373015
0.000010 0.000010 0.999980
0.000010 0.999980 0.000010
0.000010 0.524833 0.475157
0.000010 0.642926 0.357064
0.000010 0.110693 0.889297
0.068269 0.416923 0.514808
0.583532 0.407737 0.008731
0.000010 0.999980 0.000010
0.099149 0.116931 0.783920
0.000010 0.999980 0.000010
0.543823 0.136800 0.319377
0.000010 0.556531 0.443459
0.170407 0.604944 0.224649
0.385570 0.003838 0.610592
0.715664 0.236734 0.047603
0.000010 0.000010 0.999980
0.054858 0.682330 0.262812
0.071793 0.851534 0.076673
0.000010 0.999980 0.000010
0.000010 0.378956 0.621034
0.000010 0.000010 0.999980
0.000010 0.635525 0.364465
0.480183 0.443560 0.076257
0.293949 0.000010 0.706041
0.000010 0.999980 0.000010
0.454424 0.000010 0.545566
0.192671 0.497694 0.309635
0.000010 0.999980 0.000010
0.599762 0.056270 0.343968
0.182219 0.000010 0.817771
0.000010 0.585665 0.414325
0.281225 0.563022 0.155753
0.000010 0.851068 0.148922
0.000010 0.000010 0.999980
0.000010 0.999980 0.000010
0.000010 0.000010 0.999980
0.588593 0.055907 0.355500
0.000010 0.631213 0.368777
0.218343 0.525028 0.256629
0.434959 0.441668 0.123373
0.000010 0.999980 0.000010
0.000010 0.999980 0.000010
0.000010 0.999980 0.000010
0.000010 0.917139 0.082851
0.000010 0.468227 0.531763
0.500022 0.124623 0.375355
0.000010 0.637620 0.362370
0.000010 0.259884 0.740106
0.490886 0.463554 0.045560
0.000010 0.000010 0.999980
0.173197 0.068366 0.758437
0.000010 0.798469 0.201521
0.000010 0.999980 0.000010
0.000010 0.000010 0.999980
0.000010 0.646270 0.353720
0.000010 0.761120 0.238870
0.000010 0.979610 0.020380
0.080664 0.590446 0.328891
0.000010 0.999980 0.000010
0.581146 0.229321 0.189534
0.373777 0.275080 0.351142
0.000010 0.000010 0.999980
0.000010 0.999980 0.000010
0.000010 0.810668 0.189322
0.000010 0.489535 0.510455
0.021630 0.403098 0.575272
0.000010 0.999980 0.000010
0.000010 0.999980 0.000010
0.674951 0.124506 0.200543
0.000010 0.999980 0.000010
0.395412 0.000010 0.604578
0.046949 0.911210 0.041841
0.000010 0.999980 0.000010
0.327139 0.463410 0.209450
0.000010 0.074170 0.925820
0.735534 0.227552 0.036914
0.000010 0.999980 0.000010
0.432595 0.262392 0.305013
0.000010 0.999980 0.000010
0.151691 0.590609 0.257700
0.008802 0.000010 0.991188
0.377359 0.387456 0.235185
0.389271 0.000010 0.610719
0.485042 0.333199 0.181759
0.138332 0.622748 0.238920
0.000010 0.278148 0.721842
0.000010 0.433957 0.566033
0.632245 0.000010 0.367745
0.654017 0.059197 0.286786
0.099650 0.788479 0.111871
0.116845 0.767342 0.115813
0.224081 0.741324 0.034595
0.090912 0.165734 0.743354
0.490616 0.420629 0.088754
0.825839 0.000010 0.174151
0.252837 0.085775 0.661388
0.542010 0.000010 0.457980
0.000010 0.222344 0.777646
0.543533 0.320580 0.135887
0.779871 0.000010 0.220119
0.781061 0.000010 0.218929
0.242974 0.757016 0.000010
0.525200 0.288270 0.186530
0.771807 0.000010 0.228183
0.782941 0.217049 0.000010
0.999980 0.000010 0.000010
0.453658 0.039161 0.507182
0.999980 0.000010 0.000010
0.000010 0.999980 0.000010
0.055636 0.000010 0.944354
0.784168 0.000010 0.215822
0.000010 0.460750 0.539240
0.975916 0.000010 0.024074
0.997968 0.000010 0.002022
0.775899 0.000010 0.224091
0.621246 0.094925 0.283830
0.000010 0.777017 0.222973
0.769784 0.000010 0.230206
0.836775 0.000010 0.163215
0.747317 0.252673 0.000010
0.515909 0.478142 0.005949
0.712065 0.184408 0.103527
0.855314 0.140593 0.004092
0.851600 0.148390 0.000010
0.092145 0.907845 0.000010
0.728850 0.243033 0.028117
0.602805 0.397185 0.000010
0.814494 0.000010 0.185496
0.166479 0.086311 0.747210
0.637302 0.000010 0.362688
0.220251 0.000010 0.779739
0.228683 0.000010 0.771307
0.808178 0.000010 0.191812
0.057105 0.113664 0.829231
0.049357 0.000010 0.950633
0.489354 0.421002 0.089644
0.917027 0.000010 0.082963
0.000010 0.090487 0.909503
0.190455 0.809535 0.000010
0.725212 0.016152 0.258636
0.043507 0.000010 0.956483
0.494554 0.000010 0.505436
0.999980 0.000010 0.000010
0.000010 0.200407 0.799583
0.218887 0.571076 0.210037
0.622497 0.201717 0.175786
0.178297 0.000010 0.821693
0.115177 0.048812 0.836011
0.335845 0.427349 0.236807
0.901611 0.000010 0.098379
0.973824 0.000010 0.026166
0.974631 0.000010 0.025359
0.000010 0.999980 0.000010
0.569397 0.000010 0.430593
0.566185 0.226807 0.207008
0.563978 0.219164 0.216858
0.000010 0.000010 0.999980
0.999980 0.000010 0.000010
0.999980 0.000010 0.000010
0.515900 0.119611 0.364489
0.827567 0.000010 0.172423
0.000010 0.999980 0.000010
0.599038 0.000010 0.400952
0.819776 0.000010 0.180214
0.909248 0.000010 0.090742
0.336217 0.000010 0.663773
0.875729 0.000010 0.124261
0.566635 0.000010 0.433355
0.000010 0.000010 0.999980
0.000010 0.000010 0.999980
0.919968 0.000010 0.080022
0.896630 0.000010 0.103360
0.000010 0.776915 0.223075
0.615796 0.000010 0.384194
0.500757 0.499233 0.000010
0.262620 0.120906 0.616474
0.094232 0.000010 0.905758
0.437697 0.003045 0.559258
0.633642 0.366348 0.000010
0.138113 0.708449 0.153438
0.696117 0.055242 0.248641
0.638639 0.361351 0.000010
0.448319 0.000042 0.551639
0.534521 0.000010 0.465469
0.904897 0.000010 0.095093
0.999980 0.000010 0.000010
0.122815 0.000010 0.877175
0.999980 0.000010 0.000010
0.935888 0.000010 0.064102
0.658735 0.000010 0.341255
0.999980 0.000010 0.000010
0.308178 0.037183 0.654639
0.892080 0.000010 0.107910
0.130964 0.116240 0.752796
0.617281 0.333699 0.049020
0.000010 0.093101 0.906889
0.648274 0.003482 0.348244
0.677446 0.000010 0.322544
0.679948 0.059220 0.260832
0.000010 0.999980 0.000010
0.185177 0.248854 0.565970
0.430519 0.366484 0.202997
0.501418 0.000010 0.498572
0.625208 0.000010 0.374782
0.622182 0.377808 0.000010
0.000010 0.999980 0.000010
0.999980 0.000010 0.000010
0.999980 0.000010 0.000010
0.391058 0.608932 0.000010
0.207315 0.000010 0.792675
0.621179 0.048742 0.330079
0.000010 0.999980 0.000010
0.000010 0.999980 0.000010
0.156649 0.843341 0.000010
0.130594 0.869396 0.000010
0.471237 0.000010 0.528753
0.347231 0.574301 0.078468
0.877366 0.000010 0.122624
0.445346 0.001621 0.553033
0.246183 0.547312 0.206505
0.999980 0.000010 0.000010
0.000010 0.754116 0.245874
0.706057 0.000010 0.293933
0.147652 0.000010 0.852338
0.376777 0.000010 0.623213
0.116235 0.883755 0.000010
0.000010 0.000010 0.999980
0.000010 0.000010 0.999980
0.326051 0.673939 0.000010
0.000010 0.999980 0.000010
0.468231 0.234490 0.297279
0.376544 0.000010 0.623446
0.972605 0.000010 0.027385
0.000010 0.999980 0.000010
0.582844 0.194726 0.222429
0.693684 0.000010 0.306306
0.563320 0.000010 0.436670
0.378533 0.621457 0.000010
0.281289 0.000010 0.718701
0.983694 0.000010 0.016296
0.129922 0.870068 0.000010
0.088777 0.911213 0.000010
0.179864 0.820126 0.000010
0.034278 0.000010 0.965712
0.196529 0.426106 0.377365
0.000010 0.999980 0.000010
0.770726 0.022590 0.206684
0.513398 0.354732 0.131870
0.000010 0.999980 0.000010
0.048909 0.000010 0.951081
0.303140 0.000010 0.696850
0.000010 0.999980 0.000010
0.034899 0.431039 0.534061
0.000010 0.000010 0.999980
0.000010 0.000010 0.999980
0.000010 0.000010 0.999980
0.524784 0.000010 0.475206
0.000010 0.499089 0.500901
0.000010 0.999980 0.000010
0.637351 0.362639 0.000010
0.774785 0.010884 0.214331
0.800300 0.000010 0.199690
0.655811 0.344179 0.000010
0.000010 0.999980 0.000010
0.339608 0.660382 0.000010
0.000010 0.999980 0.000010
0.666755 0.000010 0.333235
0.636915 0.363075 0.000010
0.000010 0.999980 0.000010
0.514522 0.359228 0.126250
0.573706 0.000010 0.426284
0.000010 0.000010 0.999980
0.000010 0.000010 0.999980
0.185052 0.433724 0.381223
0.227373 0.772617 0.000010
0.000010 0.000010 0.999980
0.636915 0.363075 0.000010
0.000010 0.187177 0.812813
0.392747 0.207749 0.399504
0.438931 0.437815 0.123253
0.691251 0.192702 0.116047
0.225359 0.000010 0.774631
0.105598 0.000010 0.894392
0.059594 0.940396 0.000010
0.404434 0.287767 0.307799
0.000010 0.467928 0.532062
0.114384 0.885606 0.000010
0.717698 0.000010 0.282292
0.999980 0.000010 0.000010
0.000010 0.999980 0.000010
0.594772 0.000010 0.405218
0.000010 0.999980 0.000010
0.636552 0.000010 0.363438
0.047888 0.000010 0.952102
0.559458 0.370023 0.070519
0.999980 0.000010 0.000010
0.000010 0.999980 0.000010
0.606970 0.000010 0.393020
0.559325 0.369998 0.070677
0.797942 0.140340 0.061717
0.854604 0.145386 0.000010
0.000010 0.000010 0.999980
0.000010 0.000010 0.999980
0.037232 0.962758 0.000010
0.716079 0.000010 0.283911
0.000010 0.999980 0.000010
0.504420 0.208514 0.287066
0.923764 0.076226 0.000010
0.618987 0.146571 0.234442
0.500963 0.374659 0.124378
0.000010 0.458719 0.541271
0.411763 0.196517 0.391719
0.559399 0.370043 0.070558
0.000010 0.000010 0.999980
0.000010 0.000010 0.999980
0.322017 0.677973 0.000010
0.000010 0.999980 0.000010
0.000010 0.999980 0.000010
0.000010 0.999980 0.000010
0.999980 0.000010 0.000010
0.820235 0.033933 0.145831
0.344449 0.340502 0.315049
0.119162 0.000010 0.880828
0.669554 0.215209 0.115237
0.000010 0.999980 0.000010
0.426576 0.187041 0.386383
0.411080 0.000010 0.588910
0.592828 0.298006 0.109166
0.000010 0.000010 0.999980
0.855391 0.046146 0.098463
0.000010 0.000010 0.999980
0.999980 0.000010 0.000010
0.999980 0.000010 0.000010
0.273078 0.726912 0.000010
0.690305 0.000010 0.309685
0.000010 0.000010 0.999980
0.634824 0.057288 0.307888
0.709850 0.000010 0.290140
0.172011 0.000010 0.827979
0.849361 0.150629 0.000010
0.000010 0.999980 0.000010
0.465604 0.000010 0.534386
0.409479 0.131166 0.459355
0.592791 0.000010 0.407199
0.000010 0.000010 0.999980
0.231258 0.768732 0.000010
0.595686 0.404304 0.000010
0.883989 0.038596 0.077415
0.677992 0.163409 0.158599
0.051354 0.025905 0.922741
0.470831 0.052827 0.476342
0.000010 0.000010 0.999980
0.000010 0.000010 0.999980
0.395865 0.000010 0.604125
0.038180 0.242251 0.719568
0.000010 0.733115 0.266875
0.720484 0.000010 0.279506
0.667998 0.000010 0.331992
0.556291 0.000010 0.443699
0.777919 0.000010 0.222071
0.568703 0.000010 0.431287
0.758504 0.225476 0.016020
0.771916 0.228074 0.000010
0.000010 0.999980 0.000010
0.933198 0.000010 0.066792
0.707437 0.242262 0.050301
0.765908 0.000010 0.234082
0.999980 0.000010 0.000010
0.999980 0.000010 0.000010
0.000010 0.999980 0.000010
0.863423 0.000010 0.136567
0.000010 0.999980 0.000010
0.541951 0.316555 0.141494
0.647879 0.000010 0.352111
0.794388 0.201330 0.004282
0.000010 0.999980 0.000010
0.752409 0.000010 0.247581
0.592666 0.223325 0.184009
0.623274 0.101336 0.275390
0.675728 0.000010 0.324262
0.685524 0.000010 0.314466
0.845840 0.101579 0.052581
0.707903 0.292087 0.000010
0.000010 0.999980 0.000010
0.477590 0.000010 0.522400
0.903865 0.000010 0.096125
0.844190 0.000010 0.155800
0.519369 0.000010 0.480621
0.000010 0.999980 0.000010
0.713960 0.113420 0.172620
0.909919 0.000010 0.090071
0.855477 0.000010 0.144513
0.999980 0.000010 0.000010
0.705474 0.000010 0.294516
0.999980 0.000010 0.000010
0.490980 0.000010 0.509010
0.972022 0.000010 0.027968
0.859685 0.000010 0.140305
0.721093 0.112423 0.166483
0.703653 0.040690 0.255657
0.765012 0.000010 0.234978
0.000010 0.999980 0.000010
0.972795 0.000010 0.027195
0.663628 0.000010 0.336362
0.282619 0.021181 0.696200
0.917277 0.000010 0.082713
0.173191 0.826799 0.000010
0.668722 0.207532 0.123747
0.801718 0.000010 0.198272
0.183518 0.000010 0.816472
0.172020 0.827970 0.000010
0.470015 0.000010 0.529975
0.076750 0.000010 0.923240
0.753615 0.002201 0.244184
0.786782 0.213208 0.000010
0.706934 0.000010 0.293056
0.478292 0.000010 0.521698
0.639349 0.041062 0.319589
0.666218 0.000010 0.333772
0.742947 0.000010 0.257043
0.831018 0.168972 0.000010
0.708246 0.087123 0.204631
0.470594 0.000010 0.529396
0.483247 0.000010 0.516743
0.748002 0.240030 0.011968
0.975772 0.000010 0.024218
0.587923 0.270366 0.141711
0.273268 0.451421 0.275311
0.110969 0.889021 0.000010
0.045154 0.954836 0.000010
0.143503 0.738175 0.118322
0.737454 0.003805 0.258742
0.407733 0.431625 0.160642
0.618821 0.381169 0.000010
0.000010 0.999980 0.000010
0.999980 0.000010 0.000010
0.910181 0.000010 0.089809
0.705533 0.240704 0.053763
0.436797 0.055688 0.507516
0.000010 0.999980 0.000010
0.471778 0.432506 0.095716
0.999980 0.000010 0.000010
0.587943 0.379584 0.032473
0.547377 0.000010 0.452613
0.540619 0.000010 0.459371
0.000010 0.000010 0.999980
0.000010 0.000010 0.999980
0.611188 0.000010 0.388802
0.734997 0.000010 0.264993
0.881030 0.000010 0.118960
0.607466 0.392524 0.000010
0.999980 0.000010 0.000010
0.860428 0.000010 0.139562
0.610359 0.000010 0.389631
0.412990 0.184004 0.403006
0.781227 0.051129 0.167644
0.060107 0.048166 0.891727
0.485341 0.514649 0.000010
0.999980 0.000010 0.000010
0.999980 0.000010 0.000010
0.401629 0.032843 0.565528
0.298315 0.000010 0.701675
0.904579 0.000010 0.095411
0.547187 0.000010 0.452803
0.453546 0.082544 0.463910
0.565072 0.000010 0.434918
0.773286 0.226704 0.000010
0.273294 0.000010 0.726696
0.999980 0.000010 0.000010
0.885692 0.000010 0.114298
0.592239 0.378182 0.029580
0.999980 0.000010 0.000010
0.744446 0.000010 0.255544
0.626630 0.373360 0.000010
0.999980 0.000010 0.000010
0.298100 0.000010 0.701890
0.934308 0.000010 0.065682
0.201636 0.798354 0.000010
0.999980 0.000010 0.000010
0.000010 0.999980 0.000010
0.602474 0.000010 0.397516
0.999980 0.000010 0.000010
0.569035 0.366045 0.064920
0.580141 0.364377 0.055482
0.612889 0.387101 0.000010
0.786395 0.000010 0.213595
0.907024 0.000010 0.092966
0.975786 0.000010 0.024204
0.938083 0.000010 0.061907
0.000010 0.932205 0.067785
0.147546 0.629270 0.223184
0.920847 0.000010 0.079143
0.863971 0.000010 0.136019
0.888442 0.000010 0.111548
0.833695 0.000010 0.166295
0.577974 0.000010 0.422016
0.065151 0.613470 0.321379
0.660328 0.038381 0.301292
0.651899 0.348091 0.000010
0.784479 0.000010 0.215511
0.499380 0.500610 0.000010
0.677255 0.322735 0.000010
0.163200 0.000010 0.836790
0.447568 0.476897 0.075536
0.847039 0.000010 0.152951
0.213913 0.781365 0.004722
0.999980 0.000010 0.000010
0.698316 0.000010 0.301674
0.000010 0.999980 0.000010
0.108842 0.539332 0.351826
0.948855 0.051135 0.000010
0.948983 0.000010 0.051007
0.915045 0.000010 0.084945
0.720483 0.000010 0.279507
0.702741 0.000010 0.297249
0.959886 0.000010 0.040104
0.959498 0.000010 0.040492
0.749124 0.050811 0.200065
0.811030 0.000010 0.188960
0.676195 0.219355 0.104450
0.585384 0.286804 0.127812
0.730949 0.000010 0.269041
0.651128 0.000010 0.348862
0.000010 0.999980 0.000010
0.699479 0.000010 0.300511
0.000010 0.000010 0.999980
0.580274 0.224901 0.194825
0.725342 0.000010 0.274648
0.476100 0.158027 0.365873
0.526398 0.156698 0.316904
0.535581 0.160669 0.303750
0.631433 0.000010 0.368557
0.522180 0.477810 0.000010
0.597503 0.402487 0.000010
0.753127 0.000010 0.246863
0.000010 0.607692 0.392298
0.034889 0.667635 0.297476
0.643223 0.000010 0.356767
0.188547 0.611480 0.199973
0.052288 0.000010 0.947702
0.011160 0.259477 0.729363
0.000010 0.012312 0.987678
0.284168 0.000010 0.715822
0.000010 0.176146 0.823844
0.045552 0.339578 0.614869
0.480083 0.075975 0.443942
0.591368 0.000010 0.408622
0.000010 0.405484 0.594506
0.141768 0.000010 0.858222
0.308422 0.000010 0.691568
0.000010 0.511391 0.488599
0.000010 0.000010 0.999980
0.012986 0.000010 0.987004
0.130261 0.000010 0.869729
0.000010 0.579519 0.420471
0.484989 0.000010 0.515001
0.445287 0.000010 0.554703
0.107457 0.283546 0.608997
0.135555 0.803563 0.060882
0.000010 0.494538 0.505452
0.111605 0.637495 0.250900
0.000010 0.999980 0.000010
0.000010 0.000010 0.999980
0.000010 0.748937 0.251053
0.000010 0.074103 0.925887
0.000010 0.000010 0.999980
0.311426 0.000010 0.688564
0.000010 0.000010 0.999980
0.042990 0.000010 0.957000
0.048968 0.940359 0.010673
0.328283 0.000010 0.671707
0.000010 0.952497 0.047493
0.000010 0.000010 0.999980
0.000010 0.000010 0.999980
0.000010 0.085663 0.914327
0.000010 0.091943 0.908047
0.175361 0.402735 0.421904
0.000010 0.000010 0.999980
0.592953 0.092867 0.314180
0.101257 0.684781 0.213962
0.000010 0.000010 0.999980
0.000010 0.000010 0.999980
0.000010 0.999980 0.000010
0.000010 0.000010 0.999980
0.000010 0.000010 0.999980
0.000010 0.493915 0.506075
0.067396 0.000010 0.932594
0.000010 0.000010 0.999980
0.276153 0.000010 0.723837
0.410098 0.000010 0.589892
0.097226 0.000010 0.902764
0.000010 0.000010 0.999980
0.300830 0.337901 0.361269
0.000010 0.601702 0.398288
0.099967 0.043181 0.856852
0.000010 0.000010 0.999980
0.422548 0.237817 0.339634
0.000010 0.000010 0.999980
0.180896 0.000010 0.819094
0.162047 0.580734 0.257219
0.227391 0.000010 0.772599
0.049823 0.000010 0.950167
0.000010 0.666079 0.333911
0.000010 0.000010 0.999980
0.000010 0.000010 0.999980
0.582520 0.000010 0.417470
0.053651 0.369273 0.577076
0.253396 0.000010 0.746594
0.198241 0.066630 0.735129
0.000010 0.304518 0.695472
0.000010 0.000010 0.999980
0.042782 0.000010 0.957208
0.098725 0.173396 0.727880
0.000010 0.000010 0.999980
0.694271 0.000010 0.305719
0.000010 0.251475 0.748515
0.000010 0.614832 0.385158
0.210018 0.491975 0.298007
0.000010 0.000010 0.999980
0.000010 0.832449 0.167541
0.319939 0.000010 0.680051
0.000010 0.537467 0.462523
0.183318 0.219922 0.596760
0.105198 0.793141 0.101661
0.565190 0.097898 0.336912
0.227927 0.772063 0.000010
0.000010 0.652188 0.347802
0.000010 0.706629 0.293361
0.473829 0.000010 0.526161
0.000010 0.000010 0.999980
0.456181 0.310915 0.232904
0.208181 0.192221 0.599598
0.035877 0.000010 0.964113
0.000010 0.999980 0.000010
0.000010 0.753518 0.246472
0.000010 0.999980 0.000010
0.000010 0.000010 0.999980
0.201317 0.221545 0.577138
0.000010 0.254767 0.745223
0.954729 0.000010 0.045261
0.000010 0.502016 0.497974
0.060251 0.000010 0.939739
0.657052 0.000010 0.342938
0.506224 0.000010 0.493766
0.000010 0.000010 0.999980
0.130035 0.000010 0.869955
0.113047 0.394734 0.492219
0.000010 0.000010 0.999980
0.564455 0.079602 0.355943
0.111945 0.000010 0.888045
0.000010 0.999980 0.000010
0.221825 0.275188 0.502988
0.271214 0.000010 0.728776
0.000010 0.181957 0.818033
0.345363 0.000010 0.654627
0.000010 0.000010 0.999980
0.543741 0.000010 0.456249
0.000010 0.109761 0.890229
0.000010 0.676779 0.323211
0.029886 0.000010 0.970104
0.472085 0.000010 0.527905
0.372622 0.168981 0.458397
0.000010 0.000010 0.999980
0.000010 0.000010 0.999980
0.201398 0.377989 0.420613
0.507399 0.000010 0.492591
0.473377 0.000010 0.526613
0.385764 0.000010 0.614226
0.054390 0.078406 0.867204
0.000010 0.290394 0.709596
0.086088 0.000010 0.913902
0.296152 0.000010 0.703838
0.000010 0.000010 0.999980
0.000010 0.000010 0.999980
0.000010 0.000010 0.999980
0.000010 0.000010 0.999980
0.250369 0.000010 0.749621
0.403329 0.372179 0.224493
0.258950 0.000010 0.741040
0.000010 0.782176 0.217814
0.000010 0.000010 0.999980
0.476976 0.000010 0.523014
0.000010 0.081908 0.918082
0.000010 0.230451 0.769539
0.436333 0.000010 0.563657
0.000010 0.000010 0.999980
0.000010 0.000010 0.999980
0.000010 0.999980 0.000010
0.000010 0.697622 0.302368
0.484509 0.043368 0.472123
0.230487 0.000010 0.769503
0.091363 0.000010 0.908627
0.299481 0.167556 0.532963
0.190369 0.000010 0.809621
0.122716 0.000010 0.877274
0.172344 0.000010 0.827646
0.166599 0.000010 0.833391
0.000010 0.000010 0.999980
0.000010 0.999980 0.000010
0.319549 0.000010 0.680441
0.235383 0.310652 0.453965
0.000010 0.000010 0.999980
0.000010 0.000010 0.999980
0.000010 0.000010 0.999980
0.654114 0.092135 0.253751
0.000010 0.000010 0.999980
0.386805 0.000010 0.613185
0.330537 0.443368 0.226095
0.068557 0.000010 0.931433
0.386937 0.000010 0.613053
0.254735 0.000010 0.745255
0.174665 0.000010 0.825325
0.000010 0.000010 0.999980
0.266296 0.000010 0.733694
0.000010 0.126057 0.873933
0.502013 0.000010 0.497977
0.349314 0.000010 0.650676
0.039328 0.000010 0.960662
0.000010 0.201713 0.798277
0.017271 0.003254 0.979475
0.000010 0.000010 0.999980
0.000010 0.357535 0.642455
0.000010 0.028100 0.971890
0.000010 0.227358 0.772632
0.000010 0.767115 0.232875
0.000010 0.518892 0.481098
0.000010 0.000010 0.999980
0.000010 0.000010 0.999980
0.000010 0.999980 0.000010
0.487541 0.000010 0.512449
0.410143 0.096581 0.493276
0.124757 0.000010 0.875233
0.151889 0.848101 0.000010
0.179176 0.200760 0.620064
0.000010 0.188585 0.811405
0.000010 0.391055 0.608935
0.316056 0.244642 0.439302
0.541338 0.000010 0.458652
0.381773 0.000010 0.618217
0.469177 0.000010 0.530813
0.000010 0.000010 0.999980
0.120859 0.000010 0.879131
0.000010 0.000010 0.999980
0.327710 0.000010 0.672280
0.258363 0.693724 0.047913
0.000010 0.000010 0.999980
0.000010 0.999980 0.000010
0.468491 0.000010 0.531499
0.000010 0.203446 0.796544
0.496618 0.000010 0.503372
0.000010 0.128510 0.871480
0.386236 0.000010 0.613754
0.000010 0.801721 0.198269
0.000010 0.000010 0.999980
0.000010 0.662887 0.337103
0.172908 0.000010 0.827082
0.098064 0.000010 0.901926
0.000010 0.052708 0.947282
0.000010 0.999980 0.000010
0.124371 0.000010 0.875619
0.064552 0.000010 0.935438
0.000010 0.711709 0.288281
0.000010 0.567742 0.432248
0.423103 0.442026 0.134871
0.000010 0.999980 0.000010
0.000010 0.712261 0.287729
0.141451 0.801755 0.056794
0.178652 0.000010 0.821338
0.215165 0.784825 0.000010
0.000010 0.000010 0.999980
0.000010 0.466985 0.533005
0.000010 0.494738 0.505252
0.000010 0.000010 0.999980
0.314405 0.211167 0.474428
0.000010 0.165359 0.834631
0.000010 0.173813 0.826177
0.127156 0.782155 0.090689
0.530381 0.000010 0.469609
0.000010 0.999980 0.000010
0.337228 0.045313 0.617459
0.245154 0.090357 0.664489
0.000010 0.999980 0.000010
0.299694 0.000010 0.700296
0.217066 0.000010 0.782924
0.183701 0.000010 0.816289
0.000010 0.629398 0.370592
0.000010 0.999980 0.000010
0.000010 0.000010 0.999980
0.000010 0.000010 0.999980
0.674076 0.136962 0.188963
0.434061 0.000010 0.565929
0.418541 0.000010 0.581449
0.127100 0.081107 0.791793
0.377371 0.000010 0.622619
0.318919 0.350638 0.330443
0.000010 0.626616 0.373374
0.000010 0.834799 0.165191
0.000010 0.640925 0.359065
0.000010 0.731967 0.268023
0.000010 0.395706 0.604284
0.193961 0.000010 0.806029
0.000010 0.904891 0.095099
0.000010 0.000010 0.999980
0.000010 0.000010 0.999980
0.042242 0.957748 0.000010
0.258799 0.379920 0.361281
0.000010 0.000010 0.999980
0.000010 0.058698 0.941292
0.202836 0.451036 0.346127
0.573174 0.000010 0.426816
0.434199 0.000010 0.565791
0.000010 0.038972 0.961018
0.000010 0.000010 0.999980
0.478633 0.000010 0.521357
0.456949 0.057750 0.485301
0.000010 0.890647 0.109343
0.245417 0.000010 0.754573
0.463377 0.000010 0.536613
0.186933 0.004628 0.808438
0.000010 0.000010 0.999980
0.853359 0.007972 0.138668
0.129824 0.555143 0.315033
0.244016 0.000010 0.755974
0.000010 0.658989 0.341001
0.092538 0.000010 0.907452
0.000010 0.000010 0.999980
0.178722 0.025227 0.796051
0.509755 0.000010 0.490235
0.045557 0.482789 0.471654
0.000010 0.969584 0.030406
0.165668 0.000010 0.834322
0.000010 0.742001 0.257989
0.000010 0.000010 0.999980
0.625558 0.144421 0.230021
0.000010 0.000010 0.999980
0.000010 0.000010 0.999980
0.689727 0.024294 0.285979
0.025625 0.490808 0.483567
0.100602 0.417383 0.482015
0.000010 0.000010 0.999980
0.122236 0.000010 0.877754
0.000010 0.000010 0.999980
0.000010 0.039029 0.960961
0.433384 0.000010 0.566606
0.000010 0.368425 0.631565
0.314760 0.146962 0.538278
0.245007 0.305961 0.449031
0.000010 0.000010 0.999980
0.064898 0.000010 0.935092
0.000010 0.000010 0.999980
0.000010 0.000010 0.999980
0.062357 0.724990 0.212653
0.429205 0.240580 0.330215
0.094707 0.905283 0.000010
0.000010 0.617567 0.382423
0.123208 0.000010 0.876782
0.000010 0.518193 0.481797
0.430143 0.000010 0.569847
0.012464 0.825353 0.162184
0.000010 0.000010 0.999980
0.000010 0.000010 0.999980
0.227480 0.000010 0.772510
0.000010 0.860789 0.139201
0.000010 0.772398 0.227592
0.000010 0.000010 0.999980
0.000010 0.201317 0.798673
0.000010 0.999980 0.000010
0.095037 0.000010 0.904953
0.000010 0.879648 0.120342
0.000010 0.999980 0.000010
0.000010 0.999980 0.000010
0.000010 0.491142 0.508848
0.419576 0.139713 0.440711
0.609160 0.255039 0.135800
0.594232 0.000010 0.405758
0.000010 0.000010 0.999980
0.134619 0.351480 0.513900
0.000010 0.000010 0.999980
0.702615 0.000010 0.297375
0.382412 0.180315 0.437273
0.448466 0.000010 0.551524
0.015609 0.000010 0.984381
0.000010 0.759530 0.240460
0.068874 0.000010 0.931116
0.000010 0.451363 0.548627
0.284351 0.715639 0.000010
0.441979 0.000010 0.558011
0.000010 0.061599 0.938391
0.000010 0.382106 0.617884
0.188031 0.000010 0.811959
0.000010 0.593986 0.406004
0.000010 0.507593 0.492397
0.000010 0.294111 0.705879
0.215548 0.384507 0.399945
0.000010 0.624671 0.375319
0.000010 0.000010 0.999980
0.000010 0.706713 0.293277
0.000010 0.000010 0.999980
0.000010 0.461586 0.538404
0.000010 0.256497 0.743493
0.000010 0.000010 0.999980
0.108921 0.599625 0.291454
0.000010 0.000010 0.999980
0.000010 0.000010 0.999980
0.000010 0.000010 0.999980
0.236258 0.000010 0.763732
0.206725 0.493005 0.300270
0.434576 0.000010 0.565414
0.809166 0.000010 0.190824
0.389742 0.000010 0.610248
0.243088 0.465898 0.291014
0.000010 0.000010 0.999980
0.245698 0.433109 0.321193
0.000010 0.073639 0.926351
0.000010 0.581817 0.418173
0.000010 0.000010 0.999980
0.385081 0.000010 0.614909
0.000010 0.050819 0.949171
0.000010 0.000010 0.999980
0.156998 0.205488 0.637514
0.000010 0.000010 0.999980
0.000010 0.000010 0.999980
0.024804 0.000010 0.975186
0.147259 0.187173 0.665568
0.277348 0.000010 0.722642
0.000010 0.116814 0.883176
0.000010 0.999980 0.000010
0.064503 0.000010 0.935487
0.000010 0.051644 0.948346
0.000010 0.597035 0.402955
0.000010 0.566315 0.433675
0.000010 0.154312 0.845678
0.000010 0.000010 0.999980
0.365048 0.000010 0.634942
0.000010 0.469795 0.530195
0.000010 0.000010 0.999980
0.000010 0.735842 0.264148
0.000010 0.000010 0.999980
0.000010 0.127272 0.872718
0.000010 0.000010 0.999980
0.006123 0.662783 0.331095
0.000010 0.859298 0.140692
0.044405 0.590695 0.364900
0.000010 0.156604 0.843386
0.000010 0.039338 0.960652
0.238149 0.229663 0.532188
0.207439 0.196118 0.596443
0.000010 0.000010 0.999980
0.117807 0.000010 0.882183
0.562083 0.326933 0.110984
0.000010 0.000010 0.999980
0.540039 0.000010 0.459951
0.230316 0.000010 0.769674
0.000010 0.000010 0.999980
0.000010 0.000010 0.999980
0.020944 0.771785 0.207271
0.002508 0.090975 0.906517
0.000010 0.091916 0.908074
0.042620 0.000010 0.957370
0.000010 0.000010 0.999980
0.000010 0.000010 0.999980
0.000010 0.791049 0.208941
0.029067 0.000010 0.970923
0.000010 0.074353 0.925637
0.000010 0.000010 0.999980
0.007883 0.000010 0.992107
0.000010 0.000010 0.999980
0.151116 0.078368 0.770516
0.000010 0.000010 0.999980
0.402161 0.000010 0.597829
0.000010 0.000010 0.999980
0.000010 0.000010 0.999980
0.000010 0.240499 0.759491
0.684472 0.250836 0.064692
0.288237 0.000010 0.711753
0.393785 0.000010 0.606205
0.000010 0.000010 0.999980
0.497891 0.047600 0.454509
0.078032 0.273368 0.648600
0.725652 0.000010 0.274338
0.000010 0.000010 0.999980
0.372603 0.000010 0.627387
0.000010 0.637257 0.362733
0.371155 0.100713 0.528132
0.000010 0.049038 0.950952
0.522185 0.477805 0.000010
0.000010 0.000010 0.999980
0.630241 0.000010 0.369749
0.032629 0.475125 0.492246
0.369189 0.282940 0.347872
0.000010 0.000010 0.999980
0.000010 0.044429 0.955561
0.000010 0.000010 0.999980
0.233512 0.000010 0.766478
0.575602 0.424388 0.000010
0.342978 0.277157 0.379865
0.253451 0.233045 0.513504
0.221669 0.000010 0.778321
0.000010 0.999980 0.000010
0.046618 0.599540 0.353842
0.000010 0.805046 0.194944
0.479796 0.042906 0.477298
0.000010 0.106823 0.893167
0.228321 0.299421 0.472258
0.258688 0.000010 0.741302
0.000010 0.751830 0.248160
0.279143 0.000010 0.720847
0.000010 0.999980 0.000010
0.022807 0.336069 0.641124
0.514492 0.000010 0.485498
0.000010 0.000010 0.999980
0.215010 0.000010 0.784980
0.000010 0.184546 0.815444
0.059631 0.239414 0.700955
0.000010 0.203618 0.796372
0.000010 0.031029 0.968961
0.508550 0.491440 0.000010
0.000010 0.000010 0.999980
0.731592 0.000010 0.268398
0.045881 0.674533 0.279586
0.069434 0.000010 0.930556
0.000010 0.034889 0.965101
0.000010 0.999980 0.000010
0.088655 0.000010 0.911335
0.684256 0.000010 0.315734
0.000010 0.000010 0.999980
0.000010 0.770141 0.229849
0.245553 0.000010 0.754437
0.432590 0.112241 0.455170
0.000010 0.000010 0.999980
0.092330 0.000010 0.907660
0.000010 0.990820 0.009170
0.000010 0.878087 0.121903
0.000010 0.419301 0.580689
0.372569 0.000010 0.627421
0.108430 0.121532 0.770038
0.014866 0.000010 0.985124
0.000010 0.781898 0.218092
0.390698 0.000010 0.609292
0.262698 0.020661 0.716641
0.617252 0.135111 0.247637
0.275633 0.000010 0.724357
0.434374 0.032070 0.533556
0.070056 0.455797 0.474147
0.000010 0.999980 0.000010
0.572654 0.146348 0.280998
0.674068 0.000010 0.325922
0.631701 0.347312 0.020987
0.000010 0.999980 0.000010
0.108227 0.891763 0.000010
0.000010 0.449108 0.550882
0.379561 0.000010 0.620429
0.285478 0.000010 0.714512
0.043333 0.324301 0.632366
0.000010 0.000010 0.999980
0.443511 0.000010 0.556479
0.000010 0.844767 0.155223
0.463501 0.000010 0.536489
0.056829 0.000010 0.943161
0.000010 0.000010 0.999980
0.902643 0.017080 0.080276
0.008620 0.603110 0.388269
0.087660 0.592777 0.319564
0.132592 0.837368 0.030040
0.533494 0.466496 0.000010
0.000010 0.000010 0.999980
0.041409 0.448118 0.510473
0.414472 0.069415 0.516113
0.148415 0.697380 0.154205
0.409532 0.135166 0.455302
0.000010 0.999980 0.000010
0.453497 0.435751 0.110752
0.000010 0.000010 0.999980
0.167728 0.683580 0.148691
0.000010 0.000010 0.999980
0.000010 0.065068 0.934922
0.000010 0.999980 0.000010
0.308775 0.000010 0.691215
0.496077 0.088984 0.414939
0.000010 0.000010 0.999980
0.112244 0.887746 0.000010
0.423191 0.273220 0.303589
0.257708 0.167964 0.574328
0.000010 0.707862 0.292128
0.141132 0.243571 0.615296
0.000010 0.661826 0.338164
0.276494 0.598801 0.124705
0.000010 0.451579 0.548411
0.152368 0.046052 0.801580
0.000010 0.999980 0.000010
0.559873 0.000010 0.440117
0.118365 0.412358 0.469277
0.000010 0.321615 0.678375
0.000010 0.507346 0.492644
0.000010 0.109786 0.890204
0.000010 0.999980 0.000010
0.224136 0.008643 0.767220
0.000010 0.561868 0.438122
0.421778 0.209273 0.368950
0.425437 0.260991 0.313572
0.278683 0.120916 0.600402
0.294573 0.426848 0.278579
0.000010 0.473819 0.526171
0.006498 0.272075 0.721426
0.086756 0.663148 0.250096
0.000010 0.000010 0.999980
0.000010 0.210323 0.789667
0.000010 0.000010 0.999980
0.285755 0.613975 0.100270
0.000010 0.504136 0.495854
0.000010 0.000010 0.999980
0.165098 0.526363 0.308539
0.000010 0.655957 0.344033
0.371738 0.156481 0.471782
0.000010 0.619791 0.380199
0.000010 0.600364 0.399626
0.000010 0.999980 0.000010
0.216788 0.373396 0.409816
0.252553 0.305310 0.442137
0.240931 0.649575 0.109494
0.000010 0.000010 0.999980
0.000010 0.000010 0.999980
0.000010 0.000010 0.999980
0.107385 0.470182 0.422432
0.000010 0.000010 0.999980
0.337498 0.345819 0.316683
0.000010 0.244282 0.755708
0.703474 0.000010 0.296516
0.000010 0.855823 0.144167
0.000010 0.834456 0.165534
0.000010 0.741380 0.258610
0.000010 0.320631 0.679359
0.000010 0.999980 0.000010
0.000010 0.999980 0.000010
0.194842 0.000010 0.805148
0.000010 0.890883 0.109107
0.004850 0.788500 0.206650
0.000010 0.970893 0.029097
0.000010 0.796654 0.203336
0.156248 0.843742 0.000010
0.076615 0.000010 0.923375
0.000010 0.829036 0.170954
0.000010 0.005321 0.994669
0.493469 0.340217 0.166314
0.000010 0.999980 0.000010
0.000010 0.702363 0.297627
0.102562 0.527730 0.369707
0.484601 0.000010 0.515389
0.000010 0.000010 0.999980
0.000010 0.140987 0.859003
0.195266 0.000010 0.804724
0.933196 0.000010 0.066794
0.586701 0.210798 0.202501
0.000010 0.999980 0.000010
0.000010 0.714966 0.285024
0.250038 0.386220 0.363742
0.000010 0.716303 0.283687
0.472912 0.000010 0.527078
0.000010 0.826032 0.173958
0.511503 0.040792 0.447705
0.102869 0.524222 0.372909
0.379286 0.381549 0.239165
0.000010 0.659532 0.340458
0.000010 0.000010 0.999980
0.151390 0.000010 0.848600
0.000010 0.776114 0.223876
0.000010 0.778409 0.221581
0.000010 0.999980 0.000010
0.509133 0.000010 0.490857
0.021364 0.978626 0.000010
0.000010 0.900098 0.099892
0.000010 0.585897 0.414093
0.000010 0.000010 0.999980
0.258888 0.078135 0.662977
0.308101 0.000010 0.691889
0.370287 0.007423 0.622290
0.141069 0.522337 0.336594
0.000010 0.999980 0.000010
0.331938 0.049252 0.618810
0.000010 0.000010 0.999980
0.000010 0.711384 0.288606
0.196671 0.064685 0.738644
0.000010 0.358923 0.641067
0.000010 0.000010 0.999980
0.000010 0.000010 0.999980
0.244823 0.755167 0.000010
0.000010 0.676821 0.323169
0.000010 0.936279 0.063711
0.000010 0.061768 0.938222
0.134547 0.000010 0.865443
0.000010 0.999980 0.000010
0.999980 0.000010 0.000010
0.913907 0.086083 0.000010
0.651307 0.000010 0.348683
0.478147 0.000010 0.521843
0.000010 0.207842 0.792148
0.000010 0.999980 0.000010
0.466964 0.194096 0.338940
0.000010 0.842761 0.157229
0.000010 0.714043 0.285947
0.000010 0.908961 0.091029
0.075295 0.646480 0.278225
0.000010 0.155634 0.844356
0.087589 0.651665 0.260747
0.156427 0.843563 0.000010
0.000010 0.069457 0.930533
0.000010 0.149456 0.850534
0.999980 0.000010 0.000010
0.094249 0.213900 0.691851
0.224600 0.370388 0.405011
0.217496 0.084830 0.697674
0.146130 0.000010 0.853860
0.000010 0.999980 0.000010
0.000010 0.999980 0.000010
0.000010 0.412213 0.587777
0.739553 0.201191 0.059256
0.177738 0.520137 0.302125
0.000010 0.781267 0.218723
0.000010 0.000010 0.999980
0.000010 0.842526 0.157464
0.000010 0.742761 0.257229
0.000010 0.509026 0.490964
0.000010 0.999980 0.000010
0.000010 0.652194 0.347796
0.100417 0.000010 0.899573
0.000010 0.999980 0.000010
0.000010 0.000010 0.999980
0.000010 0.999980 0.000010
0.540387 0.365961 0.093652
0.000010 0.878905 0.121085
0.000010 0.351257 0.648733
0.000010 0.999980 0.000010
0.000010 0.000010 0.999980
0.999980 0.000010 0.000010
0.112094 0.615528 0.272378
0.000010 0.555253 0.444737
0.370577 0.232689 0.396734
0.000010 0.505660 0.494330
0.665315 0.128999 0.205686
0.000010 0.999980 0.000010
0.000010 0.000010 0.999980
0.455680 0.247259 0.297061
0.000010 0.963892 0.036098
0.000010 0.636708 0.363282
0.000010 0.389360 0.610630
0.000010 0.999980 0.000010
0.000010 0.999980 0.000010
0.087525 0.016162 0.896313
0.299125 0.000010 0.700865
0.000010 0.999980 0.000010
0.000010 0.999980 0.000010
0.089889 0.006019 0.904092
0.000010 0.146890 0.853100
0.000010 0.670797 0.329193
0.066506 0.256375 0.677119
0.000010 0.791117 0.208873
0.192787 0.093586 0.713626
0.000010 0.000010 0.999980
0.000010 0.898327 0.101663
0.151665 0.668454 0.179882
0.437784 0.216246 0.345970
0.191096 0.808894 0.000010
0.356112 0.370986 0.272902
0.000010 0.368736 0.631254
0.064835 0.000010 0.935155
0.169598 0.566263 0.264140
0.000010 0.999980 0.000010
0.293077 0.496577 0.210346
0.153556 0.000010 0.846434
0.000010 0.957121 0.042869
0.000010 0.706753 0.293237
0.000010 0.589024 0.410966
0.000010 0.999980 0.000010
0.330032 0.669958 0.000010
0.139388 0.601429 0.259183
0.000010 0.746840 0.253150
0.000017 0.999973 0.000010
0.296918 0.000010 0.703072
0.000010 0.026957 0.973033
0.000010 0.668998 0.330992
0.000010 0.572890 0.427100
0.000010 0.000010 0.999980
0.000010 0.749399 0.250591
