0.000010 0.799465 0.200515 0.000010
0.000010 0.946462 0.000010 0.053518
0.000010 0.951472 0.000010 0.048508
0.000562 0.772700 0.226728 0.000010
0.000010 0.000010 0.999970 0.000010
0.000010 0.944408 0.000010 0.055572
0.000010 0.788609 0.000010 0.211371
0.000010 0.891248 0.000010 0.108732
0.000010 0.303145 0.696835 0.000010
0.099825 0.900155 0.000010 0.000010
0.038752 0.961228 0.000010 0.000010
0.000010 0.445088 0.495499 0.059403
0.082661 0.382604 0.534725 0.000010
0.304709 0.498392 0.196889 0.000010
0.019985 0.867053 0.095530 0.017433
0.548014 0.358747 0.000010 0.093229
0.000010 0.999970 0.000010 0.000010
0.000010 0.709055 0.290925 0.000010
0.000010 0.999970 0.000010 0.000010
0.059530 0.171152 0.751769 0.017549
0.000010 0.821321 0.163832 0.014837
0.087979 0.415894 0.496117 0.000010
0.623044 0.342298 0.000010 0.034648
0.037395 0.409161 0.527931 0.025513
0.211280 0.592663 0.000010 0.196047
0.000010 0.722356 0.268194 0.009440
0.000010 0.607037 0.195347 0.197606
0.171226 0.488751 0.156111 0.183912
0.000010 0.485763 0.514217 0.000010
0.000010 0.961884 0.000010 0.038096
0.000010 0.686563 0.313417 0.000010
0.000010 0.490223 0.298014 0.211753
0.000010 0.999970 0.000010 0.000010
0.638847 0.317748 0.043395 0.000010
0.097202 0.884223 0.000010 0.018564
0.110001 0.349138 0.493252 0.047610
0.073276 0.807452 0.119262 0.000010
0.050551 0.890288 0.004379 0.054781
0.023476 0.591840 0.182368 0.202316
0.092962 0.414696 0.492332 0.000010
0.000010 0.000010 0.726761 0.273219
0.000010 0.834844 0.084475 0.080672
0.035015 0.598360 0.366615 0.000010
0.000010 0.475708 0.454567 0.069716
0.102421 0.734733 0.138947 0.023900
0.045483 0.727671 0.214448 0.012398
0.000010 0.523325 0.000010 0.476655
0.000010 0.999970 0.000010 0.000010
0.000010 0.999970 0.000010 0.000010
0.000010 0.686892 0.313088 0.000010
0.292947 0.634936 0.000010 0.072107
0.000010 0.989461 0.000010 0.010519
0.000010 0.201468 0.678628 0.119894
0.000010 0.443658 0.540080 0.016252
0.000010 0.719222 0.206098 0.074670
0.000010 0.869970 0.000010 0.130010
0.000010 0.933152 0.049949 0.016889
0.000010 0.659955 0.000010 0.340025
0.000010 0.930634 0.007152 0.062204
0.020808 0.662979 0.000010 0.316203
0.000010 0.560952 0.439028 0.000010
0.000010 0.955847 0.000010 0.044133
0.092771 0.680098 0.227121 0.000010
0.000010 0.368138 0.631842 0.000010
0.000010 0.000010 0.999970 0.000010
0.286774 0.155804 0.529642 0.027780
0.000010 0.999970 0.000010 0.000010
0.000010 0.880772 0.000010 0.119208
0.894846 0.105134 0.000010 0.000010
0.865464 0.000010 0.134516 0.000010
0.014647 0.000010 0.985333 0.000010
0.028114 0.000010 0.971866 0.000010
0.113473 0.000010 0.838362 0.048155
0.526843 0.000010 0.241190 0.231956
0.217918 0.000010 0.782062 0.000010
0.999970 0.000010 0.000010 0.000010
0.859808 0.000010 0.102409 0.037773
0.770816 0.148691 0.080483 0.000010
0.233472 0.000010 0.652096 0.114422
0.150736 0.000010 0.525706 0.323548
0.866583 0.000010 0.000010 0.133397
0.865746 0.000010 0.000010 0.134234
0.237204 0.000010 0.762776 0.000010
0.905760 0.000010 0.020415 0.073815
0.996905 0.000010 0.000010 0.003075
0.155511 0.000010 0.282083 0.562397
0.999970 0.000010 0.000010 0.000010
0.739146 0.000010 0.000010 0.260834
0.770630 0.000010 0.000010 0.229350
0.000010 0.000010 0.999970 0.000010
0.583188 0.297082 0.000010 0.119720
0.866872 0.000010 0.000010 0.133108
0.126364 0.000010 0.818385 0.055241
0.626317 0.035635 0.000010 0.338037
0.614149 0.045187 0.000010 0.340654
0.617396 0.254206 0.000010 0.128388
0.630968 0.000010 0.172152 0.196870
0.000010 0.000010 0.999970 0.000010
0.807340 0.080928 0.000010 0.111722
0.460442 0.232081 0.000010 0.307467
0.524419 0.000010 0.151535 0.324035
0.398116 0.000010 0.583754 0.018120
0.928315 0.000010 0.071665 0.000010
0.645582 0.000010 0.000010 0.354398
0.198932 0.000010 0.252744 0.548314
0.000010 0.000010 0.896627 0.103353
0.320626 0.000010 0.385789 0.293574
0.399242 0.000010 0.283850 0.316898
0.999970 0.000010 0.000010 0.000010
0.123842 0.000010 0.581187 0.294962
0.999970 0.000010 0.000010 0.000010
0.811488 0.036242 0.152259 0.000010
0.929226 0.070754 0.000010 0.000010
0.706284 0.000010 0.000010 0.293696
0.567721 0.000010 0.378756 0.053514
0.533215 0.000010 0.466765 0.000010
0.217323 0.000010 0.782657 0.000010
0.115700 0.411535 0.000010 0.472755
0.587906 0.000010 0.310141 0.101943
0.334465 0.000010 0.665515 0.000010
0.733957 0.204298 0.000010 0.061735
0.706265 0.000010 0.293715 0.000010
0.856555 0.143425 0.000010 0.000010
0.370766 0.299286 0.000010 0.329938
0.623084 0.000010 0.000010 0.376896
0.000010 0.000010 0.898136 0.101844
0.614485 0.099930 0.000010 0.285575
0.874372 0.086235 0.039382 0.000010
0.999970 0.000010 0.000010 0.000010
0.999970 0.000010 0.000010 0.000010
0.999970 0.000010 0.000010 0.000010
0.999970 0.000010 0.000010 0.000010
0.133231 0.000010 0.559337 0.307421
0.999970 0.000010 0.000010 0.000010
0.634024 0.000010 0.365956 0.000010
0.902845 0.000010 0.097135 0.000010
0.999970 0.000010 0.000010 0.000010
0.000010 0.000010 0.000010 0.999970
0.000010 0.000010 0.000010 0.999970
0.617294 0.000010 0.382686 0.000010
0.861603 0.000010 0.000010 0.138377
0.388041 0.000010 0.278251 0.333698
0.000010 0.000010 0.000010 0.999970
0.970436 0.000010 0.000010 0.029544
0.999970 0.000010 0.000010 0.000010
0.000010 0.000010 0.000010 0.999970
0.404915 0.000010 0.260413 0.334662
0.000010 0.000010 0.000010 0.999970
0.628449 0.000010 0.000010 0.371531
0.931092 0.068888 0.000010 0.000010
0.565991 0.000010 0.000010 0.433989
0.812746 0.000010 0.187234 0.000010
0.999970 0.000010 0.000010 0.000010
0.350446 0.000010 0.649534 0.000010
0.141595 0.000010 0.571205 0.287191
0.695883 0.000010 0.304097 0.000010
0.784278 0.000010 0.000010 0.215702
0.826849 0.000010 0.000010 0.173131
0.000010 0.000010 0.000010 0.999970
0.000010 0.000010 0.598218 0.401762
0.223590 0.000010 0.000010 0.776390
0.999970 0.000010 0.000010 0.000010
0.000010 0.000010 0.000010 0.999970
0.000010 0.000010 0.999970 0.000010
0.999970 0.000010 0.000010 0.000010
0.999970 0.000010 0.000010 0.000010
0.999970 0.000010 0.000010 0.000010
0.960793 0.039187 0.000010 0.000010
0.999970 0.000010 0.000010 0.000010
0.794409 0.000010 0.167241 0.038339
0.781414 0.000010 0.170160 0.048416
0.000010 0.000010 0.999970 0.000010
0.958528 0.000010 0.000010 0.041452
0.888506 0.000010 0.084891 0.026593
0.999970 0.000010 0.000010 0.000010
0.803771 0.000010 0.000010 0.196209
0.581674 0.031178 0.000010 0.387138
0.000010 0.000010 0.999970 0.000010
0.999970 0.000010 0.000010 0.000010
0.000010 0.000010 0.999970 0.000010
0.723808 0.000010 0.276172 0.000010
0.919393 0.000010 0.000010 0.080587
0.840162 0.000010 0.159818 0.000010
0.000010 0.000010 0.999970 0.000010
0.517005 0.000010 0.100817 0.382168
0.892132 0.000010 0.048532 0.059326
0.999970 0.000010 0.000010 0.000010
0.523512 0.000010 0.000010 0.476468
0.999970 0.000010 0.000010 0.000010
0.681730 0.000010 0.000010 0.318250
0.710581 0.000010 0.110893 0.178516
0.060111 0.000010 0.891341 0.048538
0.999970 0.000010 0.000010 0.000010
0.427333 0.000010 0.133758 0.438899
0.998343 0.000010 0.000010 0.001637
0.663916 0.000010 0.264139 0.071935
0.000010 0.000010 0.999970 0.000010
0.896088 0.000010 0.103892 0.000010
0.836010 0.000010 0.054856 0.109123
0.921114 0.000010 0.000010 0.078866
0.323453 0.000010 0.000010 0.676527
0.993463 0.000010 0.000010 0.006517
0.803771 0.000010 0.000010 0.196209
0.796437 0.012148 0.191405 0.000010
0.644577 0.000010 0.000010 0.355403
0.999970 0.000010 0.000010 0.000010
0.896849 0.000010 0.103131 0.000010
0.959039 0.000010 0.000010 0.040941
0.944282 0.000010 0.000010 0.055698
0.000010 0.000010 0.999970 0.000010
0.980230 0.000010 0.000010 0.019750
0.867162 0.000010 0.000010 0.132818
0.727909 0.028442 0.142998 0.100651
0.999970 0.000010 0.000010 0.000010
0.684936 0.000010 0.315044 0.000010
0.913697 0.000010 0.086283 0.000010
0.999970 0.000010 0.000010 0.000010
0.635065 0.054852 0.000010 0.310073
0.413102 0.000010 0.577904 0.008984
0.999970 0.000010 0.000010 0.000010
0.808671 0.000010 0.191309 0.000010
0.463433 0.000010 0.114268 0.422289
0.928259 0.000010 0.071721 0.000010
0.999970 0.000010 0.000010 0.000010
0.999970 0.000010 0.000010 0.000010
0.957654 0.000010 0.042326 0.000010
0.999970 0.000010 0.000010 0.000010
0.999970 0.000010 0.000010 0.000010
0.370079 0.000010 0.294197 0.335713
0.519063 0.000010 0.000010 0.480917
0.999970 0.000010 0.000010 0.000010
0.999970 0.000010 0.000010 0.000010
0.499524 0.000010 0.002464 0.498002
0.999970 0.000010 0.000010 0.000010
0.295601 0.000010 0.436992 0.267397
0.043252 0.322447 0.573530 0.060770
0.071523 0.000010 0.835637 0.092831
0.000010 0.000010 0.965628 0.034352
0.453446 0.000010 0.546534 0.000010
0.821220 0.000010 0.000010 0.178760
0.360210 0.000010 0.639770 0.000010
0.000010 0.000010 0.000010 0.999970
0.105831 0.000010 0.803272 0.090887
0.000010 0.000010 0.000010 0.999970
0.795326 0.052213 0.000010 0.152451
0.788886 0.000010 0.211094 0.000010
0.000010 0.190875 0.333959 0.475156
0.000010 0.000010 0.999970 0.000010
0.620744 0.000010 0.379236 0.000010
0.000010 0.000010 0.000010 0.999970
0.999970 0.000010 0.000010 0.000010
0.999970 0.000010 0.000010 0.000010
0.793571 0.000010 0.136998 0.069422
0.999970 0.000010 0.000010 0.000010
0.999970 0.000010 0.000010 0.000010
0.999970 0.000010 0.000010 0.000010
0.999970 0.000010 0.000010 0.000010
0.999970 0.000010 0.000010 0.000010
0.999970 0.000010 0.000010 0.000010
0.000010 0.000010 0.000010 0.999970
0.000010 0.000010 0.000010 0.999970
0.999970 0.000010 0.000010 0.000010
0.000010 0.000010 0.000010 0.999970
0.690107 0.107710 0.000010 0.202173
0.458999 0.000010 0.540981 0.000010
0.794121 0.000010 0.205859 0.000010
0.000010 0.000010 0.000010 0.999970
0.895703 0.000010 0.000010 0.104277
0.000010 0.000010 0.000010 0.999970
0.999970 0.000010 0.000010 0.000010
0.999970 0.000010 0.000010 0.000010
0.975648 0.000010 0.000010 0.024332
0.000010 0.198547 0.349238 0.452205
0.999970 0.000010 0.000010 0.000010
0.000010 0.000010 0.000010 0.999970
0.608077 0.000010 0.391903 0.000010
0.999970 0.000010 0.000010 0.000010
0.661183 0.000010 0.000010 0.338797
0.999970 0.000010 0.000010 0.000010
0.000010 0.000010 0.000010 0.999970
0.000010 0.000010 0.000010 0.999970
0.000010 0.000010 0.000010 0.999970
0.000020 0.000010 0.000010 0.999960
0.669446 0.000010 0.330534 0.000010
0.614187 0.000010 0.000010 0.385793
0.618151 0.000010 0.381829 0.000010
0.929207 0.000010 0.000010 0.070773
0.000010 0.000010 0.999970 0.000010
0.000010 0.000010 0.000010 0.999970
0.617250 0.000010 0.000010 0.382730
0.999970 0.000010 0.000010 0.000010
0.999970 0.000010 0.000010 0.000010
0.999970 0.000010 0.000010 0.000010
0.000010 0.000010 0.000010 0.999970
0.999970 0.000010 0.000010 0.000010
0.999970 0.000010 0.000010 0.000010
0.999970 0.000010 0.000010 0.000010
0.000010 0.000010 0.999970 0.000010
0.000010 0.000010 0.729300 0.270680
0.625634 0.082609 0.000010 0.291747
0.999970 0.000010 0.000010 0.000010
0.999970 0.000010 0.000010 0.000010
0.999970 0.000010 0.000010 0.000010
0.000010 0.652973 0.000010 0.347007
0.595750 0.000010 0.404230 0.000010
0.029597 0.411726 0.528412 0.030266
0.620422 0.357088 0.022480 0.000010
0.000010 0.250688 0.749292 0.000010
0.000010 0.999970 0.000010 0.000010
0.000010 0.283814 0.716166 0.000010
0.000010 0.999970 0.000010 0.000010
0.000010 0.715617 0.197043 0.087330
0.000010 0.999970 0.000010 0.000010
0.140516 0.859464 0.000010 0.000010
0.503443 0.111372 0.385175 0.000010
0.000010 0.000010 0.894954 0.105026
0.000010 0.921545 0.054364 0.024080
0.000010 0.038879 0.961101 0.000010
0.000010 0.895827 0.104153 0.000010
0.798682 0.000010 0.201298 0.000010
0.000010 0.513922 0.464362 0.021706
0.006158 0.616821 0.336442 0.040578
0.000010 0.624051 0.000010 0.375929
0.013911 0.155951 0.830128 0.000010
0.314474 0.000010 0.685506 0.000010
0.063436 0.599640 0.240244 0.096680
0.000010 0.999970 0.000010 0.000010
0.000010 0.601323 0.398657 0.000010
0.000010 0.884754 0.115226 0.000010
0.000010 0.923925 0.000010 0.076055
0.000010 0.295389 0.685961 0.018639
0.000010 0.739765 0.260215 0.000010
0.000010 0.518338 0.474684 0.006968
0.034409 0.374698 0.590883 0.000010
0.000010 0.999970 0.000010 0.000010
0.110655 0.823728 0.065607 0.000010
0.000010 0.749879 0.250101 0.000010
0.000010 0.192163 0.807817 0.000010
0.356404 0.350291 0.252479 0.040825
0.000010 0.000010 0.856790 0.143190
0.000010 0.273973 0.726007 0.000010
0.000010 0.793795 0.000010 0.206185
0.000010 0.006011 0.945703 0.048276
0.000010 0.999970 0.000010 0.000010
0.104487 0.121061 0.774442 0.000010
0.000010 0.082178 0.917802 0.000010
0.001547 0.393837 0.602762 0.001855
0.000010 0.941986 0.014176 0.043828
0.000010 0.124004 0.737175 0.138811
0.000010 0.063666 0.900046 0.036277
0.068292 0.396680 0.454662 0.080365
0.000010 0.398249 0.601731 0.000010
0.091048 0.000010 0.897793 0.011149
0.103627 0.839293 0.057070 0.000010
0.000010 0.000010 0.999970 0.000010
0.000010 0.000010 0.999970 0.000010
0.000010 0.000010 0.999970 0.000010
0.000010 0.379963 0.620017 0.000010
0.000010 0.596628 0.403352 0.000010
0.192903 0.199007 0.378372 0.229719
0.105117 0.894863 0.000010 0.000010
0.092728 0.725368 0.169629 0.012275
0.056958 0.262773 0.565516 0.114753
0.041904 0.194325 0.763760 0.000010
0.000010 0.629084 0.000010 0.370896
0.000010 0.822142 0.177838 0.000010
0.000010 0.999970 0.000010 0.000010
0.000010 0.837050 0.109042 0.053898
0.000010 0.000010 0.999970 0.000010
0.108502 0.473476 0.380324 0.037698
0.000010 0.425281 0.574699 0.000010
0.185524 0.030079 0.784386 0.000010
0.000010 0.999970 0.000010 0.000010
0.000010 0.486032 0.321893 0.192065
0.000010 0.000010 0.999970 0.000010
0.000010 0.999970 0.000010 0.000010
0.000010 0.216314 0.783666 0.000010
0.000010 0.171556 0.804112 0.024322
0.000010 0.378563 0.612960 0.008467
0.083947 0.712193 0.203850 0.000010
0.000010 0.264859 0.735121 0.000010
0.000010 0.762999 0.236981 0.000010
0.000010 0.091427 0.908553 0.000010
0.042183 0.407440 0.517657 0.032720
0.000010 0.305509 0.694471 0.000010
0.000010 0.374367 0.625613 0.000010
0.000010 0.370273 0.574802 0.054915
0.210691 0.024588 0.764710 0.000010
0.000010 0.225045 0.774935 0.000010
0.093991 0.743287 0.162712 0.000010
0.000010 0.930502 0.000010 0.069478
0.085608 0.878486 0.035897 0.000010
0.000010 0.506285 0.493695 0.000010
0.000010 0.999970 0.000010 0.000010
0.208721 0.392125 0.000010 0.399145
0.182049 0.817931 0.000010 0.000010
0.000010 0.449907 0.514480 0.035603
0.033373 0.510042 0.425624 0.030962
0.441794 0.038502 0.519693 0.000010
0.557258 0.244683 0.198049 0.000010
0.000010 0.316003 0.683977 0.000010
0.000010 0.999970 0.000010 0.000010
0.187787 0.812193 0.000010 0.000010
0.000010 0.441500 0.491570 0.066920
0.000010 0.661219 0.338761 0.000010
0.196157 0.000010 0.779093 0.024740
0.000010 0.999970 0.000010 0.000010
0.000010 0.932941 0.067039 0.000010
0.080122 0.605912 0.313955 0.000010
0.000010 0.802702 0.197278 0.000010
0.000010 0.706761 0.182174 0.111055
0.000010 0.656017 0.343963 0.000010
0.000010 0.813655 0.000010 0.186325
0.000010 0.843095 0.156885 0.000010
0.000010 0.692310 0.243027 0.064653
0.000010 0.686860 0.313120 0.000010
0.000010 0.542301 0.331189 0.126499
0.125719 0.874261 0.000010 0.000010
0.000010 0.630659 0.369321 0.000010
0.000010 0.798148 0.201832 0.000010
0.000010 0.999970 0.000010 0.000010
0.000010 0.000010 0.999970 0.000010
0.000010 0.129250 0.870730 0.000010
0.000010 0.375333 0.624647 0.000010
0.000010 0.680505 0.319475 0.000010
0.000010 0.221271 0.778709 0.000010
0.000010 0.102705 0.897275 0.000010
0.000010 0.611729 0.136789 0.251472
0.000010 0.596883 0.395640 0.007467
0.000010 0.584468 0.372990 0.042533
0.000010 0.594149 0.382278 0.023563
0.000010 0.416141 0.583839 0.000010
0.000010 0.780937 0.204688 0.014365
0.000010 0.445289 0.554691 0.000010
0.000010 0.999970 0.000010 0.000010
0.000010 0.999970 0.000010 0.000010
0.000010 0.984754 0.000010 0.015226
0.000010 0.681265 0.306122 0.012604
0.000010 0.508257 0.491723 0.000010
0.000010 0.651545 0.348435 0.000010
0.000010 0.810089 0.093850 0.096051
0.000010 0.787542 0.199998 0.012450
0.000010 0.199291 0.800689 0.000010
0.000010 0.857523 0.000010 0.142457
0.000010 0.615888 0.212633 0.171469
0.006937 0.597129 0.000010 0.395925
0.000010 0.658617 0.334077 0.007296
0.000010 0.999970 0.000010 0.000010
0.000010 0.707697 0.196097 0.096196
0.000010 0.999970 0.000010 0.000010
0.000010 0.431668 0.568312 0.000010
0.000010 0.999970 0.000010 0.000010
0.000010 0.485318 0.514662 0.000010
0.000010 0.835266 0.162807 0.001917
0.000010 0.654249 0.276956 0.068785
0.000010 0.945392 0.054588 0.000010
0.000010 0.905007 0.074561 0.020422
0.000010 0.450008 0.531081 0.018901
0.000010 0.746057 0.253923 0.000010
0.000010 0.878796 0.000010 0.121184
0.000010 0.351140 0.633714 0.015136
0.000010 0.999970 0.000010 0.000010
0.000010 0.477271 0.522709 0.000010
0.000010 0.675812 0.292871 0.031307
0.000010 0.625940 0.176049 0.198001
0.000010 0.360392 0.639588 0.000010
0.000010 0.164508 0.835472 0.000010
0.000010 0.875691 0.000010 0.124289
0.000010 0.172725 0.569214 0.258051
0.085738 0.914242 0.000010 0.000010
0.000010 0.781664 0.082356 0.135970
0.000010 0.999970 0.000010 0.000010
0.000010 0.999970 0.000010 0.000010
0.042679 0.720338 0.184586 0.052397
0.000010 0.991008 0.008972 0.000010
0.000010 0.000010 0.999970 0.000010
0.000010 0.404727 0.595253 0.000010
0.159978 0.840002 0.000010 0.000010
0.000010 0.999970 0.000010 0.000010
0.000010 0.995950 0.004030 0.000010
0.075399 0.714588 0.210003 0.000010
0.000010 0.133128 0.629389 0.237473
0.000010 0.743541 0.256439 0.000010
0.000010 0.999970 0.000010 0.000010
0.000010 0.443111 0.496988 0.059891
0.077412 0.731825 0.108115 0.082648
0.000010 0.718667 0.000010 0.281313
0.000010 0.996292 0.003688 0.000010
0.000010 0.600672 0.144290 0.255028
0.000010 0.541595 0.350308 0.108087
0.000010 0.376781 0.623199 0.000010
0.000010 0.801412 0.198568 0.000010
0.000010 0.391073 0.412176 0.196741
0.000010 0.719251 0.280729 0.000010
0.000010 0.578450 0.000010 0.421530
0.000010 0.983660 0.016320 0.000010
0.000010 0.000010 0.999970 0.000010
0.000010 0.999970 0.000010 0.000010
0.000010 0.669250 0.330730 0.000010
0.000010 0.451596 0.548384 0.000010
0.000010 0.669219 0.330761 0.000010
0.190459 0.809521 0.000010 0.000010
0.000010 0.883087 0.116893 0.000010
0.000010 0.925979 0.074001 0.000010
0.010692 0.818598 0.127229 0.043481
0.000010 0.698241 0.049068 0.252681
0.000010 0.799224 0.000010 0.200756
0.095178 0.824964 0.079848 0.000010
0.000010 0.463090 0.503533 0.033368
0.000010 0.485545 0.514435 0.000010
0.000010 0.940873 0.000010 0.059107
0.000010 0.926980 0.000010 0.073000
0.000010 0.637423 0.362557 0.000010
0.000010 0.401602 0.598378 0.000010
0.000010 0.866362 0.133618 0.000010
0.000010 0.958849 0.041131 0.000010
0.000010 0.999970 0.000010 0.000010
0.000010 0.668365 0.331615 0.000010
0.000010 0.999970 0.000010 0.000010
0.000010 0.404817 0.595163 0.000010
0.000010 0.932420 0.000010 0.067560
0.000010 0.544668 0.455312 0.000010
0.169470 0.275831 0.259231 0.295467
0.000010 0.999970 0.000010 0.000010
0.000010 0.603990 0.246254 0.149745
0.243042 0.338813 0.000010 0.418135
0.000010 0.877603 0.060235 0.062152
0.000010 0.929174 0.070806 0.000010
0.000010 0.612771 0.221309 0.165910
0.000010 0.387569 0.612411 0.000010
0.000010 0.455367 0.525197 0.019426
0.000010 0.599668 0.386316 0.014006
0.047779 0.952201 0.000010 0.000010
0.214714 0.373398 0.000010 0.411878
0.000010 0.999970 0.000010 0.000010
0.000010 0.000010 0.999970 0.000010
0.000010 0.000010 0.999970 0.000010
0.087312 0.912668 0.000010 0.000010
0.000010 0.258174 0.741806 0.000010
0.000010 0.861469 0.115595 0.022926
0.139574 0.860406 0.000010 0.000010
0.008763 0.991217 0.000010 0.000010
0.000010 0.462515 0.537465 0.000010
0.000010 0.588818 0.411162 0.000010
0.000010 0.941603 0.058377 0.000010
0.000010 0.702200 0.297780 0.000010
0.000010 0.999970 0.000010 0.000010
0.000010 0.666091 0.302369 0.031530
0.000010 0.339773 0.660207 0.000010
0.000010 0.667849 0.332131 0.000010
0.225635 0.133213 0.641142 0.000010
0.000010 0.000010 0.999970 0.000010
0.000010 0.634312 0.365668 0.000010
0.038489 0.231490 0.730010 0.000010
0.000010 0.966366 0.000010 0.033614
0.000010 0.505012 0.300621 0.194357
0.000010 0.000010 0.999970 0.000010
0.000010 0.999970 0.000010 0.000010
0.027122 0.448034 0.524835 0.000010
0.000010 0.339380 0.653767 0.006843
0.000010 0.999970 0.000010 0.000010
0.000010 0.446202 0.553778 0.000010
0.000010 0.384570 0.615410 0.000010
0.000010 0.999970 0.000010 0.000010
0.000010 0.550888 0.449092 0.000010
0.000010 0.999970 0.000010 0.000010
0.000010 0.274145 0.725835 0.000010
0.004521 0.638088 0.357381 0.000010
0.375773 0.369517 0.254700 0.000010
0.000010 0.093356 0.906624 0.000010
0.000010 0.000010 0.958376 0.041604
0.000010 0.999970 0.000010 0.000010
0.000010 0.300750 0.699230 0.000010
0.000010 0.810643 0.146720 0.042627
0.000010 0.999970 0.000010 0.000010
0.000010 0.876414 0.112096 0.011480
0.000010 0.860514 0.000010 0.139466
0.000010 0.618911 0.381069 0.000010
0.000010 0.700032 0.000010 0.299948
0.000010 0.000010 0.999970 0.000010
0.188081 0.811899 0.000010 0.000010
0.000010 0.272031 0.727949 0.000010
0.000010 0.100932 0.899048 0.000010
0.000010 0.000010 0.999970 0.000010
0.000010 0.405626 0.472751 0.121612
0.000010 0.000010 0.999970 0.000010
0.000010 0.625194 0.374786 0.000010
0.000010 0.999970 0.000010 0.000010
0.000010 0.024250 0.975730 0.000010
0.000010 0.000010 0.999970 0.000010
0.000010 0.000010 0.874284 0.125696
0.206604 0.000010 0.793376 0.000010
0.000010 0.806703 0.193277 0.000010
0.000010 0.999970 0.000010 0.000010
0.000010 0.999970 0.000010 0.000010
0.000010 0.884269 0.019348 0.096374
0.000010 0.000010 0.999970 0.000010
0.000010 0.976519 0.023461 0.000010
0.000010 0.999970 0.000010 0.000010
0.000010 0.701850 0.298130 0.000010
0.000010 0.999970 0.000010 0.000010
0.000010 0.619024 0.107140 0.273826
0.000010 0.999970 0.000010 0.000010
0.000010 0.267440 0.732540 0.000010
0.000010 0.411343 0.588637 0.000010
0.000010 0.753991 0.245989 0.000010
0.000010 0.706695 0.067581 0.225714
0.076511 0.526248 0.239005 0.158237
0.000010 0.694972 0.305008 0.000010
0.000010 0.798003 0.201977 0.000010
0.000010 0.651821 0.348159 0.000010
0.000010 0.999970 0.000010 0.000010
0.000010 0.999970 0.000010 0.000010
0.000010 0.756969 0.243011 0.000010
0.000010 0.976596 0.023384 0.000010
0.000010 0.899168 0.100812 0.000010
0.000010 0.999970 0.000010 0.000010
0.000010 0.388810 0.611170 0.000010
0.000010 0.279061 0.720919 0.000010
0.000010 0.375955 0.602151 0.021884
0.000010 0.000010 0.999970 0.000010
0.000010 0.763995 0.181123 0.054872
0.000010 0.622080 0.189187 0.188723
0.000010 0.133139 0.637054 0.229797
0.000010 0.999970 0.000010 0.000010
0.000010 0.606943 0.393037 0.000010
0.000010 0.362557 0.637423 0.000010
0.000010 0.055829 0.944151 0.000010
0.000010 0.684431 0.315549 0.000010
0.000010 0.999970 0.000010 0.000010
0.000010 0.999970 0.000010 0.000010
0.000010 0.999970 0.000010 0.000010
0.000010 0.000010 0.999970 0.000010
0.000010 0.999970 0.000010 0.000010
0.050600 0.731470 0.217920 0.000010
0.000010 0.275396 0.724584 0.000010
0.121600 0.000010 0.878380 0.000010
0.000010 0.451758 0.548222 0.000010
0.000010 0.344202 0.655778 0.000010
0.000010 0.999970 0.000010 0.000010
0.000010 0.999970 0.000010 0.000010
0.000010 0.808725 0.191255 0.000010
0.000010 0.819202 0.073241 0.107547
0.000010 0.872960 0.118156 0.008874
0.000010 0.999970 0.000010 0.000010
0.000010 0.999970 0.000010 0.000010
0.000010 0.919460 0.024639 0.055891
0.000010 0.142354 0.851523 0.006113
0.000010 0.704027 0.150130 0.145832
0.000010 0.000010 0.999970 0.000010
0.000010 0.901913 0.000010 0.098067
0.000010 0.989515 0.000010 0.010465
0.000010 0.057212 0.910202 0.032576
0.337987 0.516108 0.145896 0.000010
0.000010 0.522985 0.476995 0.000010
0.000010 0.622807 0.328026 0.049157
0.000010 0.294025 0.673936 0.032029
0.000010 0.032186 0.914649 0.053155
0.000010 0.744477 0.255503 0.000010
0.000010 0.066436 0.933544 0.000010
0.000010 0.531111 0.468869 0.000010
0.000010 0.999970 0.000010 0.000010
0.147764 0.852216 0.000010 0.000010
0.000010 0.433753 0.566227 0.000010
0.000010 0.999970 0.000010 0.000010
0.391162 0.559590 0.049238 0.000010
0.000010 0.324376 0.675604 0.000010
0.000010 0.803817 0.192422 0.003751
0.000010 0.977862 0.000010 0.022118
0.060282 0.576151 0.363557 0.000010
0.000010 0.999970 0.000010 0.000010
0.000010 0.924233 0.000010 0.075747
0.096958 0.642158 0.260874 0.000010
0.000010 0.742147 0.189931 0.067912
0.000010 0.795913 0.204067 0.000010
0.000010 0.826500 0.173480 0.000010
0.000010 0.439775 0.560205 0.000010
0.000010 0.000010 0.999970 0.000010
0.000010 0.000010 0.999970 0.000010
0.117109 0.222365 0.660516 0.000010
0.000010 0.625865 0.374115 0.000010
0.016183 0.734893 0.248914 0.000010
0.000010 0.369453 0.630527 0.000010
0.000010 0.151744 0.698171 0.150075
