0.000010 0.198653 0.000010 0.488761 0.000010 0.000010 0.000010 0.312536
0.000010 0.000010 0.011606 0.000010 0.098187 0.000010 0.000010 0.890157
0.000010 0.000010 0.063413 0.000010 0.068262 0.000010 0.000010 0.868275
0.000010 0.000010 0.000010 0.730195 0.000010 0.000010 0.000010 0.269745
0.019165 0.000010 0.252691 0.244757 0.000010 0.483347 0.000010 0.000010
0.000010 0.000010 0.371507 0.605142 0.000010 0.000010 0.000010 0.023301
0.007232 0.000010 0.000010 0.203476 0.000010 0.000010 0.027108 0.762144
0.000010 0.000010 0.000010 0.143958 0.000010 0.000010 0.000010 0.855982
0.000010 0.264914 0.000010 0.735026 0.000010 0.000010 0.000010 0.000010
0.000010 0.359574 0.000010 0.120236 0.073305 0.000010 0.000010 0.446845
0.009721 0.038565 0.548354 0.000010 0.084838 0.000010 0.000010 0.318491
0.000010 0.000010 0.000010 0.999930 0.000010 0.000010 0.000010 0.000010
0.000010 0.011206 0.000010 0.988734 0.000010 0.000010 0.000010 0.000010
0.000010 0.000010 0.000010 0.848115 0.000010 0.000010 0.000010 0.151825
0.000010 0.114142 0.417951 0.257296 0.085178 0.000010 0.000010 0.125402
0.000010 0.000010 0.600335 0.354752 0.000011 0.000010 0.000010 0.044862
0.038468 0.094388 0.100650 0.000010 0.000010 0.000010 0.000010 0.766454
0.000010 0.276271 0.000010 0.723669 0.000010 0.000010 0.000010 0.000010
0.000010 0.042296 0.360838 0.309216 0.011470 0.000010 0.000010 0.276151
0.000010 0.000010 0.000010 0.574435 0.000010 0.425505 0.000010 0.000010
0.000010 0.086973 0.410634 0.487196 0.000010 0.000010 0.000010 0.015157
0.000010 0.000010 0.000010 0.999930 0.000010 0.000010 0.000010 0.000010
0.193181 0.007104 0.315716 0.213605 0.000010 0.000010 0.045993 0.224381
0.000010 0.000010 0.251314 0.000010 0.603999 0.000010 0.000010 0.144637
0.000010 0.000010 0.172988 0.528792 0.000010 0.000010 0.000010 0.298170
0.000010 0.000010 0.000010 0.861835 0.000010 0.000010 0.000010 0.138105
0.017924 0.000010 0.000010 0.814591 0.000010 0.056485 0.000010 0.110959
0.000010 0.000010 0.614782 0.216751 0.000010 0.047536 0.000010 0.120891
0.000010 0.047997 0.000010 0.834918 0.117035 0.000010 0.000010 0.000010
0.000010 0.000010 0.000010 0.918561 0.000010 0.000010 0.000010 0.081379
0.000010 0.000010 0.000010 0.847004 0.000010 0.000010 0.000010 0.152936
0.000010 0.000010 0.000010 0.869908 0.000010 0.000010 0.000010 0.130032
0.000010 0.000010 0.527822 0.000010 0.000010 0.013096 0.062603 0.396439
0.000010 0.000010 0.503976 0.193915 0.302059 0.000010 0.000010 0.000010
0.000010 0.000010 0.000010 0.804910 0.000010 0.000010 0.000010 0.195030
0.000010 0.000010 0.000010 0.999930 0.000010 0.000010 0.000010 0.000010
0.238237 0.124647 0.252494 0.290445 0.000010 0.000010 0.039886 0.054271
0.000010 0.000010 0.000010 0.760363 0.000010 0.000010 0.000010 0.239577
0.000010 0.000010 0.000010 0.999930 0.000010 0.000010 0.000010 0.000010
0.018114 0.000010 0.000010 0.981826 0.000010 0.000010 0.000010 0.000010
0.000010 0.058885 0.165588 0.000010 0.000010 0.775477 0.000010 0.000010
0.000010 0.000010 0.000010 0.582576 0.000010 0.000010 0.000010 0.417364
0.005649 0.000010 0.052464 0.759365 0.182482 0.000010 0.000010 0.000010
0.000010 0.000010 0.000010 0.999930 0.000010 0.000010 0.000010 0.000010
0.000010 0.000010 0.000010 0.000010 0.000010 0.000010 0.064780 0.935160
0.000010 0.000010 0.000010 0.939896 0.000010 0.000010 0.000010 0.060044
0.000010 0.000010 0.675706 0.124276 0.000010 0.074056 0.125921 0.000010
0.000010 0.000010 0.048431 0.458877 0.000010 0.000010 0.000010 0.492642
0.000010 0.030934 0.245146 0.000010 0.000010 0.000010 0.000010 0.723870
0.000010 0.000010 0.000010 0.504726 0.041018 0.000010 0.000010 0.454206
0.000010 0.000010 0.469116 0.000010 0.190534 0.000010 0.308562 0.031749
0.000010 0.444061 0.000010 0.283700 0.000010 0.000010 0.000010 0.272189
0.000010 0.000010 0.000010 0.608405 0.000010 0.391535 0.000010 0.000010
0.000010 0.000010 0.000010 0.999930 0.000010 0.000010 0.000010 0.000010
0.000010 0.000010 0.000010 0.659451 0.000010 0.000010 0.000010 0.340489
0.062105 0.000010 0.000010 0.321887 0.000010 0.000010 0.000010 0.615958
0.000010 0.000010 0.917030 0.000010 0.082910 0.000010 0.000010 0.000010
0.000010 0.000010 0.844307 0.000010 0.000010 0.000010 0.035465 0.120177
0.000010 0.000010 0.000010 0.513975 0.000010 0.000010 0.000010 0.485965
0.000010 0.055952 0.437176 0.124442 0.000010 0.180869 0.079206 0.122335
0.000010 0.000012 0.564603 0.045275 0.309846 0.000010 0.000010 0.080235
0.000010 0.190471 0.000010 0.301541 0.000010 0.000010 0.050966 0.456982
0.000010 0.000010 0.000010 0.636003 0.000010 0.000010 0.000010 0.363937
0.000010 0.000010 0.000010 0.683433 0.014869 0.172494 0.000010 0.129164
0.000010 0.077759 0.012991 0.195878 0.000010 0.713331 0.000010 0.000010
0.000010 0.000010 0.339787 0.043854 0.562244 0.000010 0.054075 0.000010
0.000010 0.148578 0.000010 0.000010 0.000010 0.000010 0.000010 0.851362
0.000010 0.108071 0.372991 0.000010 0.000010 0.085488 0.000010 0.433410
0.000010 0.000010 0.000010 0.047543 0.451802 0.500606 0.000010 0.000010
0.000010 0.000010 0.000010 0.000010 0.000010 0.999930 0.000010 0.000010
0.161702 0.132385 0.115788 0.079203 0.000010 0.000010 0.174846 0.336055
0.000010 0.000010 0.363034 0.336669 0.066351 0.000010 0.027048 0.206867
0.000010 0.059288 0.251704 0.134054 0.000010 0.057337 0.000010 0.497587
0.000010 0.000010 0.058739 0.722108 0.000010 0.000010 0.077318 0.141795
0.000010 0.000010 0.000010 0.298711 0.000010 0.015504 0.000010 0.685735
0.000010 0.022500 0.000010 0.000010 0.190142 0.787308 0.000010 0.000010
0.000010 0.000010 0.000010 0.914330 0.000010 0.000010 0.000010 0.085610
0.000010 0.296608 0.000010 0.415242 0.288099 0.000010 0.000010 0.000010
0.000010 0.034657 0.427921 0.000010 0.049977 0.191522 0.000010 0.295893
0.000010 0.272935 0.000010 0.173190 0.134387 0.000010 0.000010 0.419448
0.000010 0.000010 0.000010 0.000010 0.000010 0.999930 0.000010 0.000010
0.112253 0.000010 0.166712 0.492013 0.090206 0.000010 0.000010 0.138786
0.288849 0.009728 0.262860 0.026960 0.411574 0.000010 0.000010 0.000010
0.000010 0.000010 0.214998 0.069286 0.056435 0.592340 0.000010 0.066912
0.000010 0.000010 0.000457 0.000010 0.315618 0.000010 0.000010 0.683875
0.000010 0.000010 0.128875 0.536320 0.000010 0.202264 0.032280 0.100231
0.000010 0.000010 0.212208 0.000010 0.726862 0.060880 0.000010 0.000010
0.023739 0.000010 0.183922 0.138153 0.531564 0.000010 0.000010 0.122591
0.000010 0.000010 0.622252 0.000010 0.000010 0.377688 0.000010 0.000010
0.011386 0.000010 0.192989 0.795576 0.000010 0.000010 0.000010 0.000010
0.000010 0.000010 0.000010 0.000010 0.144140 0.855800 0.000010 0.000010
0.040063 0.066856 0.338968 0.000010 0.000010 0.554074 0.000010 0.000010
0.035397 0.000010 0.727762 0.236791 0.000010 0.000010 0.000010 0.000010
0.000010 0.246081 0.015406 0.139986 0.000010 0.000010 0.000010 0.598488
0.008055 0.000010 0.368816 0.277736 0.135230 0.210135 0.000010 0.000010
0.000010 0.068738 0.858782 0.029829 0.000010 0.000010 0.000010 0.042611
0.044855 0.133989 0.324984 0.479412 0.000010 0.000010 0.016730 0.000010
0.000010 0.453135 0.000010 0.000010 0.000010 0.000010 0.000010 0.546805
0.000010 0.000010 0.624402 0.234278 0.000010 0.141270 0.000010 0.000010
0.000010 0.000010 0.098381 0.901559 0.000010 0.000010 0.000010 0.000010
0.064346 0.164009 0.005634 0.147741 0.618241 0.000010 0.000010 0.000010
0.000010 0.136538 0.000010 0.170009 0.143084 0.550330 0.000010 0.000010
0.000010 0.000010 0.000010 0.000010 0.000010 0.000010 0.000010 0.999930
0.000011 0.000010 0.000010 0.000010 0.000010 0.999929 0.000010 0.000010
0.000010 0.000010 0.860342 0.139598 0.000010 0.000010 0.000010 0.000010
0.152692 0.043229 0.419190 0.384849 0.000010 0.000010 0.000010 0.000010
0.000010 0.031353 0.072413 0.476594 0.419600 0.000010 0.000010 0.000010
0.000010 0.134421 0.348862 0.224964 0.000010 0.000010 0.000010 0.291713
0.000010 0.161889 0.284455 0.514123 0.039493 0.000010 0.000010 0.000010
0.000010 0.000010 0.000010 0.758808 0.000010 0.000010 0.000010 0.241132
0.005236 0.000010 0.222781 0.000010 0.000010 0.000010 0.043036 0.728907
0.000010 0.152256 0.205047 0.285088 0.197362 0.000010 0.000010 0.160218
0.000010 0.000010 0.635242 0.364698 0.000010 0.000010 0.000010 0.000010
0.000010 0.000010 0.241675 0.000010 0.083892 0.000010 0.000010 0.674383
0.000010 0.000010 0.000010 0.000010 0.524181 0.437680 0.000010 0.038088
0.000010 0.232758 0.000010 0.000010 0.000010 0.000010 0.000010 0.767182
0.000010 0.000010 0.000010 0.000010 0.000010 0.000010 0.000010 0.999930
0.000010 0.000010 0.075384 0.000010 0.000010 0.000010 0.000010 0.924556
0.000010 0.387543 0.232699 0.227200 0.000010 0.000010 0.000010 0.152518
0.000010 0.000010 0.315834 0.584028 0.000010 0.096328 0.003771 0.000010
0.000010 0.000010 0.645600 0.039585 0.000010 0.000010 0.000010 0.314764
0.000010 0.000010 0.650079 0.349861 0.000010 0.000010 0.000010 0.000010
0.000011 0.264921 0.000010 0.174758 0.151194 0.126495 0.000010 0.282602
0.051974 0.295987 0.000010 0.308007 0.175051 0.121489 0.000010 0.047473
0.000010 0.246327 0.143930 0.291923 0.000010 0.000010 0.000010 0.317780
0.000010 0.100478 0.000010 0.000010 0.000010 0.841794 0.000010 0.057678
0.000010 0.117818 0.369278 0.000010 0.000010 0.000010 0.000010 0.512853
0.000010 0.000010 0.506811 0.410626 0.082513 0.000010 0.000010 0.000010
0.000010 0.074229 0.526533 0.095924 0.211024 0.000010 0.000010 0.092260
0.000010 0.020125 0.437770 0.228244 0.313821 0.000010 0.000010 0.000010
0.000010 0.000010 0.000010 0.097452 0.902488 0.000010 0.000010 0.000010
0.000010 0.180936 0.000010 0.765134 0.053880 0.000010 0.000010 0.000010
0.000010 0.000010 0.999930 0.000010 0.000010 0.000010 0.000010 0.000010
0.000010 0.299851 0.000010 0.700089 0.000010 0.000010 0.000010 0.000010
0.000010 0.082437 0.635025 0.000010 0.000010 0.000010 0.028459 0.254040
0.000010 0.226946 0.010490 0.463843 0.000010 0.182687 0.000010 0.116005
0.000010 0.217021 0.000010 0.000010 0.000010 0.000010 0.000010 0.782919
0.078217 0.213831 0.000010 0.000010 0.044207 0.000010 0.000010 0.663705
0.000010 0.000010 0.999930 0.000010 0.000010 0.000010 0.000010 0.000010
0.009659 0.066036 0.485958 0.380146 0.000010 0.000010 0.058170 0.000010
0.000010 0.000010 0.000010 0.774217 0.000010 0.000010 0.000010 0.225723
0.000010 0.000010 0.000010 0.624393 0.375547 0.000010 0.000010 0.000010
0.000010 0.000010 0.000010 0.198227 0.707751 0.093971 0.000010 0.000010
0.000010 0.000010 0.456409 0.000010 0.079324 0.000010 0.006532 0.457695
0.012611 0.003573 0.141772 0.192144 0.107494 0.542385 0.000010 0.000010
0.000010 0.053951 0.000010 0.000010 0.000010 0.755469 0.057834 0.132706
0.000010 0.089031 0.289044 0.000010 0.000010 0.026744 0.077247 0.517904
0.000010 0.468467 0.088360 0.163870 0.000010 0.000010 0.000010 0.279262
0.000010 0.000010 0.518315 0.481625 0.000010 0.000010 0.000010 0.000010
0.000010 0.000010 0.000010 0.999930 0.000010 0.000010 0.000010 0.000010
0.000010 0.000010 0.000010 0.355050 0.000010 0.000010 0.000010 0.644890
0.000745 0.072961 0.541370 0.132244 0.065273 0.000010 0.000010 0.187388
0.000010 0.000010 0.000010 0.959165 0.040775 0.000010 0.000010 0.000010
0.000010 0.000010 0.000010 0.999930 0.000010 0.000010 0.000010 0.000010
0.000010 0.000010 0.000010 0.879864 0.000010 0.120076 0.000010 0.000010
0.000010 0.000010 0.000010 0.999930 0.000010 0.000010 0.000010 0.000010
0.000010 0.024724 0.243072 0.048767 0.563366 0.000010 0.000010 0.120042
0.000010 0.000010 0.000010 0.384916 0.000010 0.615024 0.000010 0.000010
0.000010 0.073662 0.000010 0.366936 0.000010 0.512518 0.046844 0.000010
0.054098 0.000010 0.660041 0.115244 0.000010 0.000010 0.024484 0.146104
0.000010 0.000010 0.000010 0.999930 0.000010 0.000010 0.000010 0.000010
0.000010 0.000010 0.416259 0.277976 0.000010 0.305715 0.000010 0.000010
0.144129 0.102083 0.545600 0.208145 0.000010 0.000010 0.000013 0.000010
0.000010 0.000010 0.000010 0.999930 0.000010 0.000010 0.000010 0.000010
0.000010 0.000010 0.508543 0.000010 0.000010 0.457910 0.000010 0.033497
0.000010 0.057251 0.323636 0.010816 0.210782 0.000010 0.000010 0.397485
0.321842 0.036607 0.112925 0.062975 0.000010 0.000010 0.230528 0.235102
0.000010 0.000010 0.191815 0.742951 0.015259 0.025028 0.000010 0.024915
0.000010 0.000010 0.193117 0.806823 0.000010 0.000010 0.000010 0.000010
0.131141 0.000010 0.046604 0.000010 0.000010 0.822205 0.000010 0.000010
0.064776 0.000010 0.230489 0.704685 0.000010 0.000010 0.000010 0.000010
0.000010 0.092562 0.600992 0.306396 0.000010 0.000010 0.000010 0.000010
0.000010 0.055668 0.166593 0.000010 0.021243 0.000010 0.000010 0.756456
0.000010 0.000010 0.000010 0.514840 0.000010 0.000010 0.000010 0.485100
0.000010 0.117332 0.159261 0.000010 0.000010 0.723357 0.000010 0.000010
0.000010 0.000010 0.320300 0.170670 0.000010 0.508981 0.000010 0.000010
0.000010 0.000010 0.577427 0.000010 0.293520 0.117668 0.000010 0.011345
0.000010 0.230852 0.242774 0.295470 0.000010 0.000010 0.045246 0.185628
0.000010 0.000010 0.398003 0.000010 0.000010 0.504450 0.076377 0.021130
0.064504 0.057662 0.553865 0.138239 0.082741 0.000010 0.102970 0.000010
0.000010 0.000010 0.000010 0.583656 0.000010 0.000010 0.000010 0.416284
0.000010 0.000010 0.000010 0.999930 0.000010 0.000010 0.000010 0.000010
0.000010 0.173650 0.000010 0.000010 0.000010 0.000010 0.000010 0.826290
0.000010 0.000010 0.000010 0.000010 0.000010 0.999930 0.000010 0.000010
0.000010 0.024319 0.243326 0.071786 0.549269 0.000010 0.000010 0.111270
0.000010 0.060300 0.411775 0.000010 0.000010 0.131217 0.173017 0.223662
0.000010 0.000010 0.798529 0.201411 0.000010 0.000010 0.000010 0.000010
0.000010 0.000010 0.000010 0.965172 0.000010 0.034768 0.000010 0.000010
0.000010 0.000010 0.555842 0.201248 0.090572 0.050234 0.023011 0.079073
0.000010 0.000010 0.000010 0.000010 0.000010 0.999930 0.000010 0.000010
0.000010 0.000010 0.348759 0.157655 0.000010 0.000010 0.000010 0.493536
0.000010 0.062542 0.403484 0.213636 0.317775 0.000010 0.000010 0.002533
0.000010 0.000010 0.000010 0.366176 0.000010 0.633764 0.000010 0.000010
0.000010 0.116162 0.000010 0.000010 0.000010 0.000010 0.000010 0.883778
0.000010 0.027813 0.664590 0.005542 0.000010 0.166527 0.000010 0.135498
0.000010 0.037689 0.582189 0.196505 0.000010 0.000010 0.000010 0.183577
0.000010 0.000010 0.239987 0.759953 0.000010 0.000010 0.000010 0.000010
0.000010 0.000010 0.190691 0.331182 0.000010 0.478077 0.000010 0.000010
0.000010 0.000010 0.050025 0.949915 0.000010 0.000010 0.000010 0.000010
0.030257 0.000010 0.000010 0.000010 0.000010 0.969683 0.000010 0.000010
0.000010 0.263562 0.000010 0.736378 0.000010 0.000010 0.000010 0.000010
0.000010 0.127942 0.000010 0.358814 0.083023 0.430179 0.000012 0.000010
0.000010 0.000010 0.000010 0.999930 0.000010 0.000010 0.000010 0.000010
0.000010 0.225780 0.000010 0.774160 0.000010 0.000010 0.000010 0.000010
0.083258 0.000010 0.818135 0.000010 0.000010 0.098557 0.000010 0.000010
0.000010 0.000010 0.000010 0.000010 0.000010 0.999930 0.000010 0.000010
0.000010 0.113915 0.140562 0.000010 0.111155 0.000010 0.000010 0.634328
0.000010 0.110721 0.000010 0.175818 0.309928 0.403493 0.000010 0.000010
0.000010 0.000010 0.496669 0.005037 0.000010 0.302382 0.000010 0.195872
0.000010 0.000010 0.000010 0.000010 0.000010 0.731064 0.000010 0.268876
0.000010 0.023212 0.280420 0.094496 0.499052 0.000010 0.000010 0.102791
0.000010 0.227463 0.074291 0.028271 0.000010 0.000010 0.099294 0.570652
0.000010 0.000010 0.999930 0.000010 0.000010 0.000010 0.000010 0.000010
0.000010 0.000010 0.000010 0.999930 0.000010 0.000010 0.000010 0.000010
0.000010 0.103503 0.442788 0.374061 0.000010 0.079609 0.000010 0.000010
0.000010 0.000010 0.236494 0.017910 0.192890 0.552667 0.000010 0.000010
0.046342 0.042444 0.000010 0.000010 0.772160 0.139014 0.000010 0.000010
0.000010 0.000010 0.000010 0.685657 0.000010 0.314283 0.000010 0.000010
0.000010 0.000010 0.200219 0.675114 0.000010 0.000010 0.000010 0.124617
0.000010 0.274639 0.000010 0.660110 0.065201 0.000010 0.000010 0.000010
0.000010 0.000010 0.712058 0.000010 0.287882 0.000010 0.000010 0.000010
0.000010 0.139716 0.000010 0.000010 0.000010 0.000010 0.000010 0.860224
0.000010 0.000010 0.000010 0.000010 0.000010 0.999930 0.000010 0.000010
0.000010 0.303175 0.095321 0.000010 0.000010 0.000010 0.000010 0.601454
0.000010 0.136141 0.448725 0.415084 0.000010 0.000010 0.000010 0.000010
0.000010 0.016211 0.000010 0.248230 0.000010 0.735509 0.000010 0.000010
0.000010 0.000010 0.553214 0.000010 0.207066 0.000010 0.000010 0.239670
0.000010 0.000010 0.462484 0.496256 0.000010 0.000010 0.000010 0.041210
0.000010 0.000010 0.132374 0.467894 0.000010 0.388691 0.011001 0.000010
0.000010 0.044399 0.345930 0.000010 0.000010 0.514456 0.000010 0.095175
0.000010 0.000010 0.000010 0.000010 0.000010 0.900364 0.000010 0.099576
0.000010 0.000010 0.000010 0.272279 0.000010 0.000010 0.000010 0.727661
0.000010 0.000010 0.000010 0.000010 0.245176 0.754764 0.000010 0.000010
0.000010 0.000010 0.000010 0.565083 0.000010 0.000010 0.000010 0.434857
0.000010 0.000010 0.549496 0.000010 0.209349 0.000010 0.000010 0.241105
0.042197 0.097522 0.064944 0.422037 0.345017 0.028263 0.000010 0.000010
0.019719 0.053602 0.327281 0.217570 0.285451 0.096358 0.000010 0.000010
0.000010 0.150078 0.205860 0.061929 0.000010 0.496416 0.000010 0.085686
0.000010 0.000010 0.999930 0.000010 0.000010 0.000010 0.000010 0.000010
0.000010 0.000010 0.000010 0.000010 0.000010 0.999930 0.000010 0.000010
0.277783 0.000010 0.143880 0.024628 0.000010 0.553669 0.000010 0.000010
0.000010 0.063866 0.115886 0.391629 0.000010 0.428579 0.000010 0.000010
0.000010 0.000010 0.000010 0.599023 0.400917 0.000010 0.000010 0.000010
0.031645 0.000010 0.640841 0.000322 0.000010 0.000010 0.000010 0.327152
0.196837 0.124782 0.096978 0.293808 0.287565 0.000010 0.000010 0.000010
0.000010 0.000010 0.000010 0.707583 0.032737 0.259630 0.000010 0.000010
0.000010 0.075157 0.536412 0.000010 0.056401 0.331990 0.000010 0.000010
0.056844 0.000010 0.000010 0.943096 0.000010 0.000010 0.000010 0.000010
0.000010 0.230339 0.000010 0.000010 0.181509 0.000010 0.000010 0.588102
0.091631 0.000010 0.000010 0.016081 0.865711 0.026537 0.000010 0.000010
0.000010 0.014472 0.000010 0.250514 0.000010 0.734964 0.000010 0.000010
0.003178 0.000010 0.000010 0.996762 0.000010 0.000010 0.000010 0.000010
0.000010 0.000010 0.000010 0.262877 0.737063 0.000010 0.000010 0.000010
0.000010 0.000010 0.000010 0.387272 0.000010 0.612668 0.000010 0.000010
0.000010 0.063457 0.000010 0.290286 0.635358 0.010860 0.000010 0.000010
0.176590 0.144345 0.000010 0.000010 0.146118 0.283970 0.000010 0.248947
0.000010 0.050413 0.000010 0.318096 0.000010 0.631441 0.000010 0.000010
0.000010 0.026247 0.672529 0.000010 0.000010 0.179466 0.000010 0.121718
0.000010 0.000010 0.672899 0.279630 0.000010 0.047421 0.000010 0.000010
0.049923 0.000010 0.000010 0.268236 0.000010 0.000010 0.000010 0.681791
0.000010 0.010720 0.000010 0.000010 0.265662 0.723568 0.000010 0.000010
0.000010 0.000010 0.000010 0.348883 0.000010 0.651057 0.000010 0.000010
0.000010 0.254135 0.000010 0.745805 0.000010 0.000010 0.000010 0.000010
0.000010 0.201181 0.166395 0.103163 0.052954 0.000010 0.000010 0.476277
0.000010 0.000010 0.000010 0.000010 0.999930 0.000010 0.000010 0.000010
0.000010 0.072044 0.000010 0.012956 0.154784 0.760176 0.000010 0.000010
0.000010 0.039999 0.756260 0.165129 0.000010 0.038572 0.000010 0.000010
0.000010 0.000010 0.000010 0.000010 0.524248 0.438094 0.000010 0.037608
0.000010 0.039855 0.343743 0.149400 0.001000 0.000010 0.000010 0.465971
0.053735 0.060157 0.102762 0.287563 0.495752 0.000010 0.000010 0.000010
0.198127 0.142339 0.020481 0.191833 0.000010 0.447190 0.000010 0.000010
0.000010 0.109860 0.581073 0.257440 0.051587 0.000010 0.000010 0.000010
0.000010 0.000010 0.215197 0.750503 0.000010 0.000010 0.000010 0.034250
0.000010 0.000010 0.626299 0.000010 0.000010 0.277361 0.090617 0.005682
0.312600 0.021766 0.139782 0.072391 0.000010 0.453431 0.000010 0.000010
0.000010 0.000010 0.221941 0.000010 0.000010 0.444487 0.000010 0.333522
0.000010 0.000010 0.000010 0.000010 0.000010 0.999930 0.000010 0.000010
0.000010 0.000010 0.325179 0.086599 0.000010 0.588172 0.000010 0.000010
0.000010 0.000010 0.279480 0.515396 0.000010 0.000010 0.000010 0.205074
0.146043 0.000010 0.502981 0.000010 0.077326 0.195091 0.000010 0.078528
0.000010 0.031819 0.428001 0.000010 0.000010 0.061020 0.000010 0.479120
0.000010 0.000010 0.749971 0.000010 0.066631 0.062119 0.071360 0.049889
0.000010 0.025397 0.239982 0.066527 0.553365 0.000010 0.000010 0.114700
0.006597 0.036732 0.000010 0.914124 0.000010 0.042507 0.000010 0.000010
0.079096 0.140998 0.000010 0.505253 0.196601 0.000010 0.000010 0.078021
0.142617 0.000010 0.067334 0.152281 0.056958 0.000010 0.330418 0.250373
0.627645 0.064517 0.000010 0.294612 0.013186 0.000010 0.000010 0.000010
0.000010 0.000010 0.000010 0.323424 0.009904 0.557981 0.108651 0.000010
0.000010 0.000010 0.029551 0.259204 0.000010 0.593051 0.118154 0.000010
0.063523 0.000010 0.000010 0.135395 0.069184 0.662635 0.069233 0.000010
0.046473 0.000010 0.122546 0.830931 0.000010 0.000010 0.000010 0.000010
0.400455 0.000010 0.000010 0.169920 0.009419 0.420165 0.000010 0.000010
0.095722 0.085408 0.000010 0.174210 0.000010 0.000010 0.531792 0.112839
0.084007 0.000010 0.001572 0.217574 0.626860 0.000010 0.069957 0.000010
0.059868 0.133480 0.000010 0.465111 0.000010 0.000010 0.341500 0.000010
0.000010 0.000010 0.000010 0.870647 0.129293 0.000010 0.000010 0.000010
0.006046 0.000010 0.452848 0.248797 0.000010 0.201358 0.090920 0.000010
0.440631 0.219453 0.056480 0.224147 0.000010 0.000010 0.059260 0.000010
0.442416 0.218494 0.055665 0.222458 0.000010 0.000010 0.060938 0.000010
0.054143 0.051456 0.000010 0.000010 0.108771 0.568415 0.217184 0.000010
0.000010 0.000010 0.000010 0.000010 0.856197 0.000010 0.143743 0.000010
0.222292 0.000010 0.000010 0.000010 0.000010 0.000010 0.495081 0.282577
0.000010 0.000010 0.000010 0.175720 0.000010 0.164423 0.659807 0.000010
0.000010 0.000010 0.327730 0.000010 0.324742 0.000010 0.347478 0.000010
0.000010 0.000010 0.000010 0.128689 0.000010 0.144040 0.344004 0.383227
0.000010 0.000010 0.330656 0.000010 0.000010 0.000010 0.669284 0.000010
0.000010 0.000010 0.000010 0.000010 0.593200 0.406740 0.000010 0.000010
0.000010 0.000010 0.000010 0.530980 0.000010 0.000010 0.021745 0.447225
0.436306 0.219979 0.057773 0.224501 0.000010 0.000010 0.061411 0.000010
0.000010 0.000010 0.000010 0.821214 0.000010 0.178726 0.000010 0.000010
0.000010 0.000010 0.883837 0.000010 0.000010 0.000010 0.116103 0.000010
0.000010 0.000010 0.885947 0.000010 0.000010 0.000010 0.113993 0.000010
0.075555 0.038531 0.326807 0.004675 0.000010 0.000010 0.339778 0.214633
0.299780 0.000010 0.080535 0.260158 0.000010 0.100213 0.259284 0.000010
0.000010 0.000010 0.000010 0.479104 0.096499 0.424347 0.000010 0.000010
0.434934 0.215071 0.057803 0.238944 0.000010 0.000010 0.053217 0.000010
0.058989 0.019391 0.292384 0.171578 0.000010 0.000010 0.453934 0.003704
0.271389 0.000010 0.200185 0.232336 0.000010 0.013193 0.282868 0.000010
0.063880 0.000010 0.069304 0.000010 0.027944 0.454356 0.164583 0.219913
0.579338 0.000010 0.018839 0.198295 0.170394 0.000010 0.033105 0.000010
0.000010 0.052119 0.000010 0.000010 0.266168 0.000010 0.594919 0.086755
0.000010 0.000010 0.000010 0.165889 0.000010 0.152764 0.681297 0.000010
0.000010 0.000010 0.000010 0.000010 0.209986 0.654678 0.135286 0.000010
0.000010 0.000010 0.559199 0.048951 0.000010 0.199550 0.192259 0.000010
0.000010 0.000010 0.000010 0.000010 0.255494 0.188914 0.555543 0.000010
0.093975 0.083536 0.000010 0.177887 0.000010 0.000010 0.526019 0.118552
0.000010 0.047047 0.000010 0.819761 0.000010 0.000010 0.133142 0.000010
0.313804 0.000010 0.127152 0.000010 0.333145 0.000010 0.111778 0.114091
0.053681 0.000010 0.343416 0.262161 0.035248 0.000010 0.000010 0.305464
0.128832 0.000010 0.314893 0.529112 0.000010 0.000010 0.027123 0.000010
0.221278 0.000010 0.000010 0.280225 0.000010 0.000010 0.498448 0.000010
0.100599 0.000010 0.000010 0.492764 0.269421 0.000010 0.015925 0.121262
0.065775 0.000010 0.049095 0.752823 0.000010 0.000010 0.000010 0.132267
0.398961 0.000010 0.000010 0.170994 0.009961 0.420044 0.000010 0.000010
0.000010 0.074462 0.051828 0.000010 0.000010 0.000010 0.530747 0.342923
0.000010 0.000010 0.000010 0.586643 0.413297 0.000010 0.000010 0.000010
0.094083 0.000010 0.049887 0.097987 0.721799 0.036214 0.000010 0.000010
0.315616 0.071066 0.092276 0.034656 0.095392 0.000010 0.204178 0.186806
0.000010 0.000010 0.000010 0.923115 0.076825 0.000010 0.000010 0.000010
0.036598 0.036502 0.000010 0.314911 0.000010 0.000010 0.343110 0.268849
0.000010 0.094788 0.515572 0.000010 0.026677 0.000010 0.362923 0.000010
0.000010 0.000010 0.000010 0.852522 0.000010 0.147418 0.000010 0.000010
0.123023 0.000010 0.000010 0.000010 0.876917 0.000010 0.000010 0.000010
0.132687 0.000010 0.000010 0.124468 0.414473 0.000010 0.306411 0.021930
0.000010 0.000010 0.105350 0.343933 0.000010 0.000010 0.104749 0.445927
0.000010 0.000010 0.012111 0.629359 0.296167 0.062323 0.000010 0.000010
0.118849 0.000010 0.000010 0.000010 0.881091 0.000010 0.000010 0.000010
0.000010 0.000010 0.218382 0.000010 0.065364 0.000010 0.448146 0.268068
0.000010 0.000010 0.000010 0.273544 0.000010 0.000010 0.726396 0.000010
0.000010 0.000010 0.000010 0.272778 0.000010 0.000010 0.727162 0.000010
0.000010 0.000010 0.000010 0.195058 0.000010 0.804882 0.000010 0.000010
0.009028 0.000010 0.000010 0.400847 0.000010 0.000010 0.471916 0.118169
0.637165 0.000010 0.000010 0.216214 0.003281 0.143300 0.000010 0.000010
0.632847 0.000010 0.000010 0.216665 0.008853 0.141595 0.000010 0.000010
0.051127 0.000010 0.000010 0.783714 0.165109 0.000010 0.000010 0.000010
0.018821 0.000010 0.411198 0.000010 0.000010 0.000010 0.569932 0.000010
0.000010 0.000010 0.381508 0.000010 0.000010 0.000010 0.618432 0.000010
0.106319 0.000010 0.000010 0.049998 0.733411 0.000010 0.110233 0.000010
0.039139 0.000010 0.000010 0.000010 0.000010 0.000010 0.503246 0.457565
0.179033 0.000010 0.179942 0.163996 0.000010 0.467927 0.009073 0.000010
0.889520 0.000010 0.000010 0.110420 0.000010 0.000010 0.000010 0.000010
0.018603 0.000010 0.000010 0.000010 0.000010 0.000010 0.510357 0.470990
0.021014 0.000010 0.146485 0.000010 0.019524 0.000010 0.541135 0.271812
0.225660 0.057488 0.000010 0.577863 0.000010 0.000010 0.138948 0.000010
0.039320 0.000010 0.247994 0.215787 0.000010 0.000010 0.496860 0.000010
0.253453 0.000010 0.282829 0.226660 0.000010 0.000010 0.108521 0.128507
0.000010 0.000010 0.000010 0.999930 0.000010 0.000010 0.000010 0.000010
0.000010 0.000010 0.000010 0.999930 0.000010 0.000010 0.000010 0.000010
0.000010 0.000010 0.000010 0.000010 0.693011 0.000010 0.091336 0.215603
0.000010 0.000010 0.000010 0.000010 0.708252 0.000010 0.066438 0.225260
0.000010 0.000010 0.000010 0.407274 0.000010 0.557540 0.035136 0.000010
0.000010 0.000010 0.000010 0.029693 0.970247 0.000010 0.000010 0.000010
0.391642 0.000010 0.158338 0.074543 0.156140 0.156498 0.000010 0.062819
0.000010 0.000010 0.000010 0.371569 0.587992 0.000010 0.040390 0.000010
0.000010 0.000010 0.041145 0.640799 0.318006 0.000010 0.000010 0.000010
0.000010 0.000010 0.000010 0.455513 0.000010 0.000010 0.544427 0.000010
0.000010 0.000010 0.000010 0.000010 0.000010 0.368219 0.631721 0.000010
0.000010 0.000010 0.000010 0.000010 0.999930 0.000010 0.000010 0.000010
0.024592 0.000010 0.199013 0.000010 0.241300 0.000010 0.275823 0.259241
0.000010 0.011786 0.000010 0.027917 0.290708 0.060890 0.556892 0.051787
0.000010 0.000010 0.000010 0.442564 0.000010 0.000010 0.557376 0.000010
0.287391 0.000010 0.000010 0.341266 0.000010 0.000010 0.232614 0.138689
0.000010 0.000010 0.439704 0.000010 0.025788 0.000010 0.347022 0.187446
0.000010 0.000010 0.000010 0.000010 0.000010 0.000010 0.999930 0.000010
0.000010 0.000010 0.000010 0.814535 0.000010 0.000010 0.185405 0.000010
0.000010 0.000010 0.000010 0.000010 0.000010 0.000010 0.999930 0.000010
0.000010 0.000010 0.105602 0.141635 0.000010 0.000010 0.603186 0.149536
0.357590 0.000010 0.030439 0.000010 0.118510 0.000010 0.043817 0.449614
0.000010 0.000010 0.054313 0.038718 0.297375 0.000010 0.609554 0.000010
0.256056 0.033906 0.000010 0.536134 0.173864 0.000010 0.000010 0.000010
0.000010 0.000010 0.000010 0.000010 0.357737 0.000010 0.427860 0.214353
0.221725 0.000010 0.000010 0.751014 0.000010 0.027210 0.000010 0.000010
0.000010 0.000010 0.669536 0.117869 0.000010 0.174689 0.037866 0.000010
0.000010 0.000010 0.000010 0.462504 0.537436 0.000010 0.000010 0.000010
0.329655 0.000010 0.000010 0.253743 0.058381 0.000010 0.316728 0.041462
0.368844 0.063925 0.000010 0.220927 0.000010 0.000010 0.346263 0.000010
0.000010 0.000010 0.000010 0.291944 0.000010 0.000010 0.707996 0.000010
0.000010 0.000010 0.000010 0.000010 0.000010 0.906811 0.093129 0.000010
0.097723 0.000010 0.000010 0.309139 0.549510 0.000010 0.043588 0.000010
0.398353 0.065673 0.033151 0.368189 0.134604 0.000010 0.000010 0.000010
0.000010 0.000010 0.000010 0.455688 0.000010 0.000010 0.544252 0.000010
0.930768 0.000010 0.000010 0.069172 0.000010 0.000010 0.000010 0.000010
0.000010 0.000010 0.000010 0.000010 0.000010 0.380754 0.619186 0.000010
0.000010 0.000010 0.000010 0.000010 0.000010 0.999930 0.000010 0.000010
0.000010 0.000010 0.000010 0.000010 0.000010 0.000010 0.999930 0.000010
0.000010 0.000010 0.000010 0.000010 0.000010 0.000010 0.999930 0.000010
0.000010 0.000010 0.000010 0.042851 0.340416 0.043418 0.513941 0.059344
0.029619 0.000010 0.000010 0.772271 0.000010 0.000010 0.157667 0.040403
0.401526 0.061987 0.000010 0.349913 0.000010 0.000010 0.186534 0.000010
0.000010 0.000010 0.000010 0.000010 0.000010 0.999930 0.000010 0.000010
0.053055 0.000010 0.000010 0.124713 0.128844 0.693347 0.000010 0.000010
0.000015 0.000010 0.000010 0.000010 0.534394 0.260833 0.204718 0.000010
0.000010 0.000010 0.000010 0.000010 0.490545 0.309666 0.199739 0.000010
0.286498 0.067742 0.000010 0.547734 0.000010 0.000010 0.097986 0.000010
0.253835 0.000010 0.000010 0.126915 0.000010 0.519174 0.000010 0.100036
0.201654 0.000010 0.064695 0.099263 0.000010 0.181556 0.317118 0.135694
0.310440 0.114988 0.000010 0.152546 0.000010 0.000010 0.000010 0.421987
0.034013 0.000010 0.000010 0.000010 0.965927 0.000010 0.000010 0.000010
0.000010 0.000010 0.000010 0.124047 0.000010 0.000010 0.875893 0.000010
0.141717 0.000010 0.000010 0.376661 0.182277 0.299306 0.000010 0.000010
0.044148 0.026898 0.000010 0.126644 0.000010 0.000010 0.453502 0.348778
0.000010 0.000010 0.034807 0.722049 0.000010 0.000010 0.131989 0.111114
0.094004 0.061020 0.000010 0.332108 0.000010 0.000010 0.097437 0.415401
0.142462 0.000010 0.000010 0.000010 0.193566 0.663922 0.000010 0.000010
0.059526 0.000010 0.000010 0.933006 0.007418 0.000010 0.000010 0.000010
0.000010 0.000010 0.000010 0.926905 0.000010 0.000010 0.073035 0.000010
0.053691 0.012231 0.000010 0.020552 0.000010 0.674425 0.239071 0.000010
0.291890 0.000010 0.000010 0.280586 0.000010 0.427474 0.000010 0.000010
0.295580 0.079232 0.000010 0.401225 0.093093 0.000010 0.130840 0.000010
0.293271 0.000010 0.000010 0.677699 0.000010 0.000010 0.028980 0.000010
0.000010 0.000010 0.382411 0.132191 0.000010 0.000010 0.485348 0.000010
0.000010 0.000010 0.000010 0.000010 0.000010 0.999930 0.000010 0.000010
0.000010 0.000010 0.000010 0.000010 0.042080 0.159539 0.376827 0.421514
0.048443 0.000010 0.000010 0.000010 0.000010 0.000010 0.351752 0.599754
0.258742 0.000010 0.026916 0.188580 0.000010 0.000010 0.190349 0.335383
0.000010 0.000010 0.000010 0.077819 0.332803 0.044771 0.470178 0.074398
0.164616 0.000010 0.000010 0.307143 0.000010 0.000010 0.173213 0.354988
0.000010 0.000010 0.000010 0.000010 0.000010 0.000010 0.999930 0.000010
0.000010 0.000010 0.000010 0.000010 0.653203 0.346737 0.000010 0.000010
0.000010 0.000010 0.000010 0.174039 0.825901 0.000010 0.000010 0.000010
0.108203 0.000010 0.000010 0.000010 0.000010 0.801009 0.090738 0.000010
0.046502 0.000010 0.000010 0.664881 0.000010 0.000010 0.000010 0.288567
0.000010 0.000010 0.403884 0.387852 0.137868 0.067738 0.002628 0.000010
0.000010 0.000010 0.000010 0.000010 0.000010 0.999930 0.000010 0.000010
0.028652 0.000010 0.098934 0.000010 0.242737 0.000010 0.301478 0.328169
0.000010 0.000010 0.328019 0.075832 0.596100 0.000010 0.000010 0.000010
0.055051 0.000010 0.037005 0.125919 0.781985 0.000010 0.000010 0.000010
0.054553 0.000010 0.000010 0.638176 0.307221 0.000010 0.000010 0.000010
0.084153 0.000010 0.000010 0.290228 0.000010 0.000010 0.151697 0.473882
0.184036 0.000010 0.000010 0.080285 0.058752 0.676887 0.000010 0.000010
0.000010 0.000010 0.000010 0.394609 0.228281 0.185013 0.041942 0.150126
0.999930 0.000010 0.000010 0.000010 0.000010 0.000010 0.000010 0.000010
0.999930 0.000010 0.000010 0.000010 0.000010 0.000010 0.000010 0.000010
0.999930 0.000010 0.000010 0.000010 0.000010 0.000010 0.000010 0.000010
0.169622 0.000010 0.000010 0.200514 0.184394 0.000010 0.189386 0.256055
0.000010 0.000010 0.000010 0.433163 0.075492 0.340627 0.000010 0.150679
0.181056 0.000010 0.000010 0.083056 0.058443 0.677405 0.000010 0.000010
0.000010 0.000010 0.000010 0.000010 0.000010 0.388995 0.610945 0.000010
0.000010 0.000010 0.593173 0.040289 0.029514 0.000010 0.215238 0.121756
0.263622 0.000010 0.283151 0.000010 0.000010 0.000010 0.153507 0.299681
0.000010 0.000010 0.380086 0.000010 0.000010 0.263805 0.356059 0.000010
0.184195 0.000010 0.000010 0.084017 0.057445 0.674302 0.000010 0.000010
0.000010 0.000010 0.000010 0.000010 0.000010 0.680094 0.319846 0.000010
0.000010 0.000010 0.000010 0.000010 0.550593 0.449347 0.000010 0.000010
0.293523 0.000010 0.418238 0.288189 0.000010 0.000010 0.000010 0.000010
0.000010 0.000010 0.000010 0.000010 0.000010 0.389026 0.610914 0.000010
0.000010 0.000010 0.000010 0.160180 0.000010 0.839760 0.000010 0.000010
0.000010 0.000010 0.329795 0.072223 0.597932 0.000010 0.000010 0.000010
0.075561 0.000010 0.000010 0.330194 0.000010 0.000010 0.447004 0.147201
0.000010 0.000010 0.000010 0.946729 0.000010 0.000010 0.000010 0.053211
0.999930 0.000010 0.000010 0.000010 0.000010 0.000010 0.000010 0.000010
0.189610 0.057410 0.000010 0.420281 0.228819 0.022147 0.081713 0.000010
0.184206 0.000012 0.000010 0.000010 0.000010 0.789916 0.025825 0.000010
0.999930 0.000010 0.000010 0.000010 0.000010 0.000010 0.000010 0.000010
0.000010 0.000010 0.000010 0.000010 0.000010 0.389026 0.610914 0.000010
0.000010 0.000010 0.000010 0.676944 0.322996 0.000010 0.000010 0.000010
0.083651 0.266354 0.000010 0.627969 0.000010 0.000010 0.021986 0.000010
0.000010 0.000010 0.268964 0.000010 0.730976 0.000010 0.000010 0.000010
0.282241 0.000010 0.139724 0.000010 0.449216 0.000010 0.128778 0.000010
0.065552 0.000010 0.000010 0.540359 0.000010 0.000010 0.171970 0.222079
0.000010 0.000010 0.000010 0.419458 0.245384 0.000010 0.025593 0.309525
0.000010 0.000010 0.000010 0.000010 0.028774 0.842535 0.128641 0.000010
0.000010 0.000010 0.276904 0.228707 0.494339 0.000010 0.000010 0.000010
0.000010 0.000010 0.000010 0.608742 0.235253 0.134799 0.021165 0.000010
0.000010 0.076122 0.000010 0.000010 0.182845 0.671918 0.069076 0.000010
0.076088 0.000010 0.024749 0.085019 0.000010 0.000010 0.417107 0.397007
0.000010 0.000010 0.442340 0.012667 0.000010 0.000010 0.544943 0.000010
0.000010 0.000010 0.000010 0.000010 0.000010 0.999930 0.000010 0.000010
0.107198 0.000010 0.000010 0.097833 0.000010 0.000010 0.377524 0.417406
0.184184 0.000010 0.000010 0.084381 0.057642 0.673753 0.000010 0.000010
0.827194 0.000010 0.000010 0.172746 0.000010 0.000010 0.000010 0.000010
0.000010 0.000010 0.000010 0.839052 0.000010 0.000010 0.042084 0.118814
0.000010 0.000010 0.000010 0.000010 0.999930 0.000010 0.000010 0.000010
0.001551 0.000010 0.000010 0.255911 0.000010 0.000010 0.742488 0.000010
0.000010 0.000010 0.000010 0.000010 0.117024 0.882916 0.000010 0.000010
0.926850 0.000010 0.000010 0.073090 0.000010 0.000010 0.000010 0.000010
0.000010 0.000010 0.000010 0.000010 0.999930 0.000010 0.000010 0.000010
0.000010 0.000010 0.000010 0.067548 0.166259 0.000010 0.565405 0.200747
0.000010 0.000010 0.000010 0.290333 0.000010 0.000010 0.709607 0.000010
0.999930 0.000010 0.000010 0.000010 0.000010 0.000010 0.000010 0.000010
0.999930 0.000010 0.000010 0.000010 0.000010 0.000010 0.000010 0.000010
0.000010 0.000010 0.000010 0.186488 0.000010 0.771187 0.042275 0.000010
0.091482 0.000010 0.339973 0.106430 0.000010 0.000010 0.302132 0.159953
0.000010 0.000010 0.000010 0.010005 0.090362 0.899583 0.000010 0.000010
0.313720 0.008403 0.000010 0.183551 0.294198 0.000010 0.091388 0.108720
0.000010 0.000010 0.000010 0.260469 0.000010 0.000010 0.739471 0.000010
0.116328 0.004909 0.000010 0.127847 0.000010 0.162826 0.418163 0.169906
0.000010 0.000010 0.000010 0.000010 0.999930 0.000010 0.000010 0.000010
0.204293 0.000010 0.000010 0.513458 0.128522 0.153688 0.000010 0.000010
0.536530 0.000010 0.000010 0.153854 0.309566 0.000010 0.000010 0.000010
0.000010 0.000010 0.000010 0.000010 0.999930 0.000010 0.000010 0.000010
0.999930 0.000010 0.000010 0.000010 0.000010 0.000010 0.000010 0.000010
0.999930 0.000010 0.000010 0.000010 0.000010 0.000010 0.000010 0.000010
0.000010 0.000010 0.244676 0.000010 0.141244 0.490803 0.123237 0.000010
0.000010 0.000010 0.000010 0.000010 0.692536 0.273137 0.000010 0.034276
0.408297 0.000010 0.000010 0.115765 0.000010 0.475888 0.000010 0.000010
0.436084 0.000010 0.000010 0.003725 0.163426 0.396725 0.000010 0.000010
0.002254 0.000010 0.000010 0.259658 0.000010 0.000010 0.738038 0.000010
0.000010 0.000010 0.136452 0.000010 0.054319 0.000010 0.494748 0.314442
0.190972 0.000010 0.000010 0.248567 0.000010 0.304618 0.129576 0.126237
0.020706 0.000010 0.000010 0.689956 0.000010 0.000010 0.082590 0.206709
0.000010 0.000010 0.095342 0.144359 0.389361 0.000010 0.370898 0.000010
0.000010 0.000010 0.000010 0.000010 0.687765 0.278327 0.000010 0.033858
0.560818 0.000010 0.000010 0.095220 0.343912 0.000010 0.000010 0.000010
0.031121 0.000010 0.000010 0.592551 0.000010 0.000010 0.340967 0.035321
0.000010 0.000010 0.000010 0.000010 0.999930 0.000010 0.000010 0.000010
0.999930 0.000010 0.000010 0.000010 0.000010 0.000010 0.000010 0.000010
0.000010 0.000010 0.179192 0.000010 0.076611 0.000010 0.475205 0.268952
0.999930 0.000010 0.000010 0.000010 0.000010 0.000010 0.000010 0.000010
0.000010 0.000010 0.000010 0.286071 0.000010 0.000010 0.713869 0.000010
0.000010 0.000010 0.522816 0.000010 0.000010 0.000010 0.477124 0.000010
0.057166 0.000010 0.000010 0.137677 0.218305 0.211075 0.375747 0.000010
0.081628 0.000010 0.017411 0.140408 0.000010 0.000010 0.403514 0.357009
0.163255 0.000010 0.000010 0.836685 0.000010 0.000010 0.000010 0.000010
0.233473 0.000010 0.000010 0.306298 0.000010 0.000010 0.460179 0.000010
0.076703 0.000010 0.021341 0.088002 0.000010 0.000010 0.411586 0.402338
0.070594 0.000010 0.000010 0.692527 0.000010 0.003587 0.117483 0.115779
0.000010 0.000010 0.000010 0.297866 0.000010 0.000010 0.702074 0.000010
0.000010 0.000010 0.000010 0.000010 0.000010 0.999930 0.000010 0.000010
0.722044 0.000010 0.000010 0.277896 0.000010 0.000010 0.000010 0.000010
0.214167 0.000010 0.169428 0.256623 0.351474 0.000010 0.000010 0.008278
0.909236 0.000010 0.000010 0.090704 0.000010 0.000010 0.000010 0.000010
0.999930 0.000010 0.000010 0.000010 0.000010 0.000010 0.000010 0.000010
0.000010 0.000010 0.003240 0.000010 0.425289 0.374216 0.149964 0.047261
0.000010 0.000010 0.000010 0.000010 0.000010 0.585918 0.414022 0.000010
0.000010 0.000010 0.170915 0.000010 0.074330 0.000010 0.498291 0.256423
0.263358 0.000010 0.169086 0.000010 0.450580 0.000010 0.116935 0.000010
0.000010 0.000010 0.000010 0.722627 0.000010 0.020324 0.057218 0.199791
0.557649 0.000010 0.000010 0.181350 0.260951 0.000010 0.000010 0.000010
0.999930 0.000010 0.000010 0.000010 0.000010 0.000010 0.000010 0.000010
0.999930 0.000010 0.000010 0.000010 0.000010 0.000010 0.000010 0.000010
0.000010 0.000010 0.000010 0.647478 0.000010 0.036599 0.315873 0.000010
0.000010 0.010197 0.000010 0.620912 0.000010 0.368842 0.000010 0.000010
0.168927 0.000010 0.000010 0.469660 0.000010 0.361363 0.000010 0.000010
0.999930 0.000010 0.000010 0.000010 0.000010 0.000010 0.000010 0.000010
